"✔아직 어떤 것도 해놓은게 없는 이낙연 띄우기 고마하자~ 바람만 잔뜩 들어간다. 이낙연은 이름이 안 좋다. 낙..... 떨어질 낙.... 낙상, 낙마, 낙향~",26.25,18.51,55.24,긍정
👍👍👍👍반성하시오.이낙연총리.안보는 부수고팔아먹고...정 말한심합니다,0.01,38.25,61.74,긍정
😀😀😄😀😄,37.72,8.82,53.45,긍정
1. 이낙연,0.02,27.61,72.38,긍정
1위 이낙연,0.08,6.21,93.71,긍정
2. 자한당,0.33,34.46,65.22,긍정
20년은 일관성있게  정책을 밀고 나가야한다,14.01,1.79,84.2,긍정
20대 대통령 선거의 경쟁자가 이낙연 총리 하고 황교안 자유한국당 대표주 이 두사람 인데 문제는 이 두 사람 다 친일파임. 혹시 아베가 뒷돈 주고 조작한 일이 아닐까 하는 생각도 들고. 이낙연 이가 민주당 진보고 황교안 이가 박근혜가 속했던 새누리당 소속 이라고 단순하게 생각할 문제가 아니다. 얼굴도 자세히 보니 친일파 같이 생겼다.,0.01,47.01,52.98,긍정
22년까지 총리하시고 바로 선거나가서 대권 잡으세요.,0.01,9.19,90.81,긍정
3년이하 총리는 구석으로 꺼져~~,0.43,6.22,93.35,긍정
4. 문재인대통령,0.35,25.03,74.62,긍정
5년  총리하시고  바로 대통령  기자고요 여러모로  충분한 다통령감이시다,0.15,38.64,61.21,긍정
5년 총리하시고,0.01,11.3,88.68,긍정
"5대적폐 문재인,이낙연,임종석,조국,박원순",0.33,22.74,76.93,긍정
가짓말하는 총리도 전례없다,0.04,16.11,83.86,긍정
감사합니다 총리님,0.12,21.86,78.02,긍정
감사합니다 총리님,0.12,21.86,78.02,긍정
감사후  평생 감옥에 넣어서 바깥구경 못하게 해주세요 총리님~~,0.04,10.2,89.76,긍정
같은 동급 총리다,1.8,39.61,58.59,긍정
같은 동급 총리다,1.8,39.61,58.59,긍정
같잖게 군다,46.8,2.47,50.72,긍정
개검들은수사도안한다,1.86,4.29,93.86,긍정
개레기짓 쫌 그만하자,27.52,6.01,66.46,긍정
개인비난에 비리잡기에 혈안인 총리등~,2.01,20.24,77.75,긍정
갠적으로 이낙연 관심주고 싶지 않다. 문재인처럼 인물 마땅히 없어서 어부지리로 대선후보되고 대통령되고 그런거 이제 딱 싫다. 능력있는자 거기에 도덕성까지 겸비하려고 노력이라도 한 자. 그런자를 지지할것이다 나는!,0.01,45.38,54.61,긍정
검새들이 수사안한다,1.05,2.65,96.3,긍정
검찰과 자한당  ,0.08,2.81,97.11,긍정
검찰은 총리말씀  명심하라,0.62,26.4,72.98,긍정
결국 문재인 일당에 휘둘리며 눈치 보는,8.75,31.63,59.61,긍정
결국엔 이낙연도 팽 당함. 이재명도 제거.  그리고 조국을  밀어주는게 준비된  시나리오.,25.14,18.29,56.57,긍정
결론은 차기가 이낙연이라는거네... ㅎㅎㅎ,7.53,22.65,69.82,긍정
경상도에서 병역기피자 보다는 할수 없이 이낙연 총리를 지지 할수밖에 없다.,0.0,10.38,89.62,긍정
계속총리님으로 계시세요,0.31,10.93,88.76,긍정
고집불똥ㆍ이낙연ᆢ,7.15,27.76,65.09,긍정
고품격 대화센스 내장된 이낙연 총리님! ,0.02,8.62,91.36,긍정
공정 ㆍ정의 는  타인을 향한,20.12,0.74,79.13,긍정
과연 총리로서그렇게 밖에,2.42,41.75,55.83,긍정
국감서 가짜뉴스 이총리는 총리 자격없다,0.0,8.88,91.12,긍정
국무총리,20.05,12.99,66.96,긍정
국무총리 / 최장수 총리 ,0.04,48.09,51.87,긍정
"국무총리 라는게 맨날 모른다,알아보겠다 라는둥...한심스러운 총리~ 자기 주관적인 부분은 없는뜻~~",14.98,10.11,74.9,긍정
국민들 앞에서는 온갖 말로 반일감정 부추기더니      이제 현실 앞에서는 이러지도 저러지도 못하고      이낙연을 보내는 것을 보니 참 초등학교 수준이다.,0.15,9.56,90.3,긍정
국민들은 청와대를 신뢰하지 않는다. 조국 구속하고 문재인 하야하라.,1.21,26.47,72.33,긍정
국민의 소리를 듣고 검찰개혁 지시한 문재인씨 어제 광화문 집회는 국민 아니고 뭐임? 빨리 조씨 구속수사하라고 지시해라.,37.78,0.95,61.26,긍정
국정감사에서 모르쇠로 일관하고 책임을 떠넘기는 사람은 대선 후보가될수없다 나는 반대한다,1.13,0.24,98.62,긍정
국정원,29.13,28.87,42.01,긍정
그나마 안전해보이는 이낙연 총리를 밀어주는 듯,0.0,5.48,94.52,긍정
그나마 이총리...저는 믿습니다.,38.28,8.19,53.53,긍정
그나마 총리 하나는 괜찮은 사람인것 같다,0.42,31.16,68.42,긍정
그냥 가는 분 이낙연,0.0,11.57,88.42,긍정
그딴 얘기하기전에 총리면 어제 모인 시민들에 대해선 함구하십니까??.,3.28,15.72,81.0,긍정
그래 총리는 총리가 대응해야지,0.0,14.96,85.04,긍정
그러면 그럴수록 정권의 말로는 비참해 지는거야. 국무총리면 총리답게 업무를 해야지.,2.68,32.67,64.65,긍정
그런데 문재인대통령께서 새롭게 시작한일 너무많고 중요합니다.,0.0,46.39,53.6,긍정
그분이 책임총리라는 것도 다행인데,1.37,37.42,61.21,긍정
그중심에  이낙연이 있다,0.3,17.69,82.01,긍정
그후 이낙연총리께 바톤 넘겼으면합니다.,0.0,10.36,89.64,긍정
극일이 아니라 단교로 가야한다,13.44,1.75,84.8,긍정
그리고 이낙연 총리는  진정한 보수주의자다.,0.0,44.86,55.14,긍정
기레기가 이낙연을 띄운네 !,1.15,38.45,60.4,긍정
기존 범죄자를 그렇게 감싸고 도는 총리 실망에 절망이다,16.69,17.14,66.17,긍정
김대중 노무현 문재인 이낙연 대통령이 이어져야 나라가 산다.,0.0,18.63,81.37,긍정
김대중 노무현 문재인... 그 정신을 이어,0.43,35.94,63.63,긍정
"김정은 놈의 몸종 문재인 놈과 친중파 앞잡이 더불어 문치매당 놈들은 강제징용판결 후 8개월 동안 적폐타령질로 한국 기업과 원전 노동자, 소상공인과 야당 죽이기만 일삼다가 제 2의 임진왜란을 만들었다. 원전기술,반도체 기술 중국에 상납하고 반일 표몰이로 독재 일삼는 문재앙 놈과 더불어 공산당 놈들 총선으로 박멸하자.",13.32,35.31,51.37,긍정
김종필 총리재임 4년198일,0.17,13.16,86.66,긍정
김진표 총리 앉히고 이낙연 당으로 보내 이해찬 흔들고... 이야... 아주 일타쌍피네? 속이 너무 훤히 들여다보이지 않니?,0.01,49.67,50.32,긍정
까부는거야,42.87,6.4,50.73,긍정
깜냥도 안되구만 어디서 이낙연 총리 경쟁력을 입에 담을까..,0.01,42.16,57.83,긍정
꼭두 각시 총리 뛰우 기에 나서는 좌빨들,2.39,14.88,82.73,긍정
끼리끼리,36.63,22.83,40.54,긍정
나경원 황교안 자식들도 털어봐라,21.05,7.64,71.31,긍정
나경원.. 황교안. 문재인. 조국 자녀 비리.. 특검 하자고..,11.49,19.5,69.0,긍정
"나경원하면 문재인도 해봐라....100 배,,,아니 구속감이다",0.03,22.17,77.8,긍정
나라를 이 지경으로 만들어 놓고도 아직 총리직을 하냐. 이 정권은 부끄러운 것도 모르는 철면피다.,9.93,18.62,71.44,긍정
나베,37.18,25.46,37.36,긍정
나오지 않을 것이다. 안전빵인 비례1번 황교안,0.06,28.09,71.85,긍정
나자위가 이런것 들춰낼까봐 공수처 설치 반대한다,6.92,0.58,92.5,긍정
낙베,29.44,35.01,35.55,긍정
낙연아..과연 전라도출신답다..너같은놈이 총리라는게 그저 웃낀뿐이다.,32.29,11.11,56.6,긍정
낙연총리님 든든합니다!!!! 민주당 딴 생각 중이라면 정심차리세요!!!!! 조국수호 검찰개혁💙💙💙💙💙,0.02,35.96,64.01,긍정
난 무조건 이낙연 찍는다.,2.05,7.36,90.59,긍정
난 총리님 청문회때 야당원들에게 주문 받아 답하실때 어찌나 잘하셨는지,0.32,38.62,61.06,긍정
난리친건 기레기랑 개검인데 왜 총리님이 사과하시나..,1.25,31.53,67.23,긍정
난리친건 기레기랑 개검인데 왜 총리님이 사과하시나..,0.32,40.2,59.47,긍정
내가 보기엔 자한당,0.01,0.5,99.49,긍정
내가 보기엔 자한당,0.01,0.5,99.49,긍정
내년 총선 자한당,0.01,0.08,99.92,긍정
내년 총선에서 더불어민주당에 싹슬이 패배를 안겨 줘야한다.,0.06,30.08,69.85,긍정
내년 총선은 이낙연 총리 체제로 가야 이긴다.,0.0,16.46,83.54,긍정
내로남불 꼭두각시 총리의 한계 이구만!,15.17,39.57,45.26,긍정
"너 대통령 나온다 했지? 시민을 탄압하면서 대통령되려고? 널리 알리고 다녀야겠다. 시민을 탄압하고, 노조의 폭력에는 눈감는 이낙연이라고.",41.08,15.34,43.58,긍정
너무 멋있는 분! 멀 하시든 믿습니다,22.66,20.51,56.83,긍정
너무 편파적이지 않나 총리라는 사람이,2.27,17.99,79.74,긍정
너무당연한말씀이속보라니 ㅋㅋㅋ 개검찰개혁하자는건 너무나 당연한것  기레기는 총리님이 반댈줄알았나베 ㅋㅋ,0.04,43.13,56.83,긍정
널 믿고 직임을 맡긴 문대통령이 참 어리석을 뿐이다~~~,21.19,26.76,52.05,긍정
누구 맘대로 이낙연이래 ㅋㅋㅋㅋㅋㅋㅋㅋㅋㅋㅋ,7.4,38.71,53.89,긍정
누구의 총리인가?,25.84,25.18,48.98,긍정
니가 감히 이낙연 총리를 입에 담다니 .....,0.01,31.6,68.39,긍정
니들 입맛에 맞는 것만 하면 ,38.76,22.29,38.95,긍정
니미..그럼 천천히 생각해보지..뭐!바로 대답해야돼!!!이런 된장 ~~~~그렇게 안봤는데  이낙연님..후보자로 생각하고있어는데~~안돼겠다!!!,39.53,0.07,60.4,긍정
다,0.08,2.43,97.49,긍정
다 꺼지고,22.73,16.02,61.26,긍정
다 쑈였어,1.82,14.68,83.5,긍정
다른데서 통계한거 보믄 대선 선호가 이낙연이 50퍼가 넘네..이게정상임 조국은 5퍼도안되는데 뭔 엉터리 통계야 저건 이재명 임종석이 차라리 조국보다 높더만 자한당은 황교안이 28~29퍼고 나머진 홍어 6퍼 나머진 3퍼미만...,28.46,4.99,66.55,긍정
다선의  국회의원과 도지사 등을 역임한 분을,0.92,37.72,61.36,긍정
다아는디,20.36,12.67,66.97,긍정
다음 대 대통령님 이낙연 파이팅,0.01,38.67,61.31,긍정
다음 대통령 이낙연,0.01,20.06,79.93,긍정
다음 대통령 이낙연,0.01,20.06,79.93,긍정
다음 대통령은 역시 이낙연인가보다. 이만한 사람이 없네,29.29,25.55,45.16,긍정
"다음 대통령은 이낙연이나 조국이 됐으면 좋겠다, 깔끔하게 이나라 포기하고 이민갈수 있을것 같다",5.01,27.25,67.74,긍정
다음대선은 이낙연 대 황교안 빅매치,0.01,36.71,63.29,긍정
다음대통령 이낙연 이낙연,0.0,5.22,94.78,긍정
다음대통령할 총리맞나 대변인 노릇그만하고 총리 그만두더라도 낙연이답게 할수없나 혹시 공천주지않을까봐서 그러나,0.85,9.28,89.87,긍정
다음은 이낙연 대통령이다.,0.55,32.4,67.04,긍정
다음총리 시킬할인간이없거든  온갓 비리들 투성이니 이번조국이처럼 더많은게 까발려질까봐 걱정스러운거지,3.3,19.1,77.6,긍정
담엔 호남에서 대통령 총리는 영남에서..조국총리,0.0,45.13,54.87,긍정
당근이지   총리님  아무쪼록  잘 하시어서  차기 대통령 꼭 되십시요   화이팅♡♡♡,0.06,31.81,68.13,긍정
당당히 맞서라~~영원한 불매운동 응원한다,3.15,8.37,88.47,긍정
당신의 위선과 거짓이 너무싫다 ㆍ노란리본 언제까지  달고 다닐려고? 노란리본 문재인ㆍ이낙연 민주당ㆍ정의당은 위선과 거짓,0.01,24.64,75.35,긍정
당신이 꼭 차기 대통령이 되어야 하는 이유를 당신이 아실겁니다,30.14,15.33,54.53,긍정
당연하지 자한당 헛물켜지 말아라,28.28,23.2,48.51,긍정
대구경북=황교안,0.01,25.76,74.23,긍정
대통령  총리도. 한번,1.36,39.69,58.95,긍정
대통령 아닌 문재인 한 각인으로서도,1.38,46.3,52.32,긍정
대통령 후보 될려면 이낙연씨 처럼 조용히 살면 됨....,16.63,8.54,74.83,긍정
대통령도 5년 하는데 총리는 불필요한 액세서리 인가. 1ㅡ2년만 하는.  다 단기 알바들 천지니.,11.15,10.57,78.27,긍정
대통령은 국민의 대표이지...왕이 아닙니다. 이낙연 총리 아저씨.,0.0,3.61,96.39,긍정
대통령이 그렇게 하고싶냐. 어제 광화문 시위보고  그거밖에 할말이 없냐. 조국문재인 짜증나도 이낙연 됨됨이에 차기대통령감이라 생각했는데 스스러 포기하는구나,0.02,39.72,60.26,긍정
"대통령이 영남이어서 초대 총리는 호남으로 하고,...???",3.07,12.09,84.84,긍정
대통령이 잘못된 인사를 하면 그걸 바로잡도록 해야 함에도 총리로서 아무 역할도 하지 않았다.,0.44,43.79,55.77,긍정
대통령이 저상태라면 총리라도 중심잡아야할텐데 똑같이 닮아가는것같아 참으로  큰 걱정이다,1.12,43.94,54.94,긍정
대통령이 저지른 일 총리님이 수습하시느라 고생이 많습니다. 그래도 일을 잘 수습해 국가 발전에 밑거름이 되어주세요.,14.09,41.89,44.01,긍정
"대통령중심제 국가에 나름 고충도 많아을터.. 편향된 내각에서 중도의 길을 걸으며, 이 만큼 지낫다는것도 축복이라 보여집니다. 부디 잘 안위하시고, 국익과 부강한 나라를 위하여 크게 쓰여질 날을 기약합니다.  고건총리 이후로 빛나는분을 보았습니다.",29.96,8.81,61.23,긍정
대한민국  정치인 아낙연 총리님처럼,0.14,45.99,53.87,긍정
대한민국  정치인 아낙연 총리님처럼,0.09,46.72,53.19,긍정
대한민국정치판이 큰소리뿐이고 시끄러운데 오직 이낙연총리만이,0.0,18.21,81.79,긍정
댓글 꼬라지 봐라. 이제 이낙연 총리 차례냐 이 쓰레기들아. 니들 너무 투명하잖아. ,5.89,35.1,59.01,긍정
댓통감,19.9,35.79,44.32,긍정
더불어건방진똥덩어리당  더불어가짜뉴스당  더불어음해당,0.0,38.69,61.31,긍정
더불어민주당 ,0.0,36.94,63.06,긍정
더하셨음 좋겠어요.   문프랑  두분 모두  좋은 분,23.52,2.55,73.93,긍정
데일리안 자한당 밀어주고 싶어 안달이다,4.27,9.64,86.09,긍정
데일리안도  총리 저부  이간질짓인가  뭘 놓아주지않아 다 시간되면  계획이 있는거지,17.05,34.91,48.03,긍정
도지사,25.82,10.27,63.92,긍정
동문서답 하시는 총리...,0.08,15.12,84.8,긍정
돼지열병 확산 안되는것만으로도 이낙연 총리님 포함 관계 공무원들께 감사한 마음입니다.,0.02,32.02,67.96,긍정
돼지열병 확산 안되는것만으로도 이낙연 총리님 포함 관계 공무원들께 감사한 마음입니다.,0.01,31.34,68.65,긍정
"두고두고 기억하겠다. 이낙연,",5.14,34.98,59.87,긍정
뒷통수 맞고 오신 분이..,28.32,17.45,54.24,긍정
든든한 총리가 존재하니 걱정할 필요가  없군,0.02,16.12,83.86,긍정
따스한 양지만 찾아다니던 李총리인지라 글쎄 ~,1.28,18.78,79.95,긍정
때깨문들 논리라면.. 이낙연은 토착왜구.. 이낙연 보내고 눈치보는 문재인은 아베친구.. ㅋㅋㅋ,26.28,31.33,42.4,긍정
때깨문들 논리면.. 이낙연은 토착왜구.. 이낙연 보내고 눈치보는 문재인은 아베친구.. ㅋㅋㅋ,27.92,30.6,41.48,긍정
똑바로 하시요 총리님!!!,0.75,0.57,98.68,긍정
라도 총리 잘한다.,0.27,23.95,75.78,긍정
리얼미터  믿을수없다    더불어입장에서  항시 조사한다  ..속지말자,3.04,15.63,81.33,긍정
만약 민주당 대선후보로 이낙연이 출전하면 필패다,0.05,15.73,84.22,긍정
만약 이낙연이 대통령,0.1,18.0,81.9,긍정
만약 이낙연이 출마하면 전라도에서는 몰표가 나오면서 TK와PK에서는 전멸인것이다,0.03,44.86,55.11,긍정
말도안되는지지율 황교안,0.08,8.93,90.99,긍정
말로만 다하는 무능한 문재인 정부,0.25,35.32,64.43,긍정
"말씀도 노인들이 천천히 글읽듯 말하는 총리, 하는일없이 월급만 축내는총리 한국의 미래는 죽었다.",0.01,44.74,55.25,긍정
말장난 잘하는 총리!!! 이낙연!! 배 아파서 그러는건 이해하지만... 티 낼수록 없어보이고... 쫄은것 같은....??알죠??,0.11,31.07,68.82,긍정
매번 국정 발목잡는 자한당 ,5.42,2.34,92.24,긍정
매번 국정 발목잡는 자한당 ,0.75,32.54,66.71,긍정
멋있는  두분★★★,33.49,27.27,39.24,긍정
멋있는  두분★★★,8.56,34.12,57.32,긍정
멋지십니다^^,26.27,5.12,68.62,긍정
멍청한 문재인이 쪽발이들한테 쫄았나보다. ㅂㅅ~,0.02,20.0,79.98,긍정
목소리 까는 버릇만 고치면 좋은다,39.33,0.59,60.08,긍정
목소리 점잖고 합리적인줄 알았는데~ 결국 문재인 정권 실패의 2인자이자 조국 비리 옹호에 앞장섰던 이낙연이 대선 후보? 지나가는 삶은 소대가리가 웃겠다~ ㅋㅋ,15.61,1.49,82.9,긍정
목소리 정말 음습한게 역 겹다,12.4,0.1,87.5,긍정
무난함이 총리의 최대 강점^^,0.53,29.26,70.21,긍정
무능한 정권에 무능한 총리.,0.31,21.76,77.93,긍정
무늬만 총리였던 의전총리와 ,0.07,16.28,83.65,긍정
묵묵히 일햐주시는 총리님  ,0.01,3.63,96.37,긍정
문대통령 주위에 김경수 조국 이낙연 다 쳐내면,15.92,25.27,58.8,긍정
문대통령도 이낙현 국무총리도 민주당 국회의원들도 다 조국 처럼 너무 젊잖고 격이 다르다.,1.16,49.29,49.55,긍정
문대통령도 이낙현 국무총리도 민주당 국회의원들도 다 조국 처럼 너무 젊잖고 격이 다르다.,0.88,39.6,59.52,긍정
문어벙이 제1윈흉 제2윈흉 이낙연 간신적자,0.75,49.36,49.89,긍정
문재인 ,0.0,48.07,51.93,긍정
문재인 +이낙연+조국 이낙연씨도 털어봐라  !,0.0,4.86,95.14,긍정
문재인 대왕마마 나셨네~ 내시 이낙연 애쓰십니다!수고!,0.0,12.41,87.59,긍정
문재인 대통령께서는 ,0.0,12.5,87.49,긍정
문재인 대통령님 이낙연 총리님 지지합니다 💙❤️💙❤️,0.0,8.53,91.47,긍정
문재인 대통령님!이낙연 총리 님!,0.0,17.14,82.86,긍정
문재인 대통령님께 조국 떼내고 이번에는 이낙연 총리님 마저 떼내려고 이간질하기는.,0.0,26.63,73.37,긍정
문재인 조국  이낙연 다까보자   ,0.0,24.56,75.44,긍정
문재인대통령 지지율도 여당지지율도 대폭 올랐습니다. 국민 믿고 일하세요. 개싸움은 우리가 합니다.,0.0,38.29,61.71,긍정
문재인대통령께서 천황이라면 천황인거지 말들만네 자한당떨거지들,0.0,20.19,79.81,긍정
문재인대통령님  이낙연 총리님  사랑합니다,0.0,4.62,95.38,긍정
문재인대통령님.지지합니다,0.0,1.2,98.8,긍정
문재인대통령은 비판하면서,0.01,13.48,86.51,긍정
문재인보단 이낙연이 그나마 낫다,0.0,17.41,82.59,긍정
문재인에게 과분한 사람,0.0,26.75,73.24,긍정
문재인이 .인재풀이 이리. 빈약 할줄ㅣ야.,0.0,23.02,76.98,긍정
문재인하고 똑 같네~~절대 이분지지x,0.0,34.21,65.79,긍정
문재인하고 민주당하고 니들지지하는 18프로만 보고 계속 정치해라.그 결말은 처참할것이다.,0.0,18.34,81.66,긍정
물러터진민주당ㅅ끼들,1.02,40.32,58.66,긍정
물러터진민주당ㅅ끼들,30.71,16.06,53.22,긍정
뭐 이런 총리가 있데.....대통령하자!!!,29.12,5.87,65.01,긍정
뭐하러 총리가 가는지 이해불가,29.78,11.45,58.76,긍정
뭔 총리씩이나 갑니까,28.48,18.16,53.36,긍정
민주당 이낙연이 차기 대통령으로 선정된다면,0.0,5.46,94.54,긍정
민주당 차기대통령의  조건을 잊지말자,0.1,26.12,73.78,긍정
민주당 홧팅,0.01,29.27,70.72,긍정
민주당만 보고 무조건 지지하는  한심한 사람들이 있지...ㅎ,0.08,33.37,66.55,긍정
민주당에는 능력있는 대권주자가 ,0.06,17.77,82.17,긍정
민주당은 뭐하고 이낙연 총리만,0.0,41.12,58.88,긍정
믿고 맡기는 총리님,0.17,27.67,72.16,긍정
믿음직스럽고 영어 일어 잘하지 군대도 미 카추사출신에 서울대 법학을전공 하고 말도 유창하게 잘하지 역대 이런 유능한 총리는 없었다..이낙연총리 존경합니다.,0.0,6.18,93.82,긍정
믿음직한 총리님,0.01,6.56,93.43,긍정
바람직 하지않는  총리  아부로  국정하겠다고  ?,3.5,19.89,76.61,긍정
박정희 전두환 노태우 김영삼 노무현 이명박 박그네 문재인.,0.38,17.28,82.34,긍정
반일하고,34.95,27.14,37.9,긍정
받아야 된다는 총리님 답변이 명답입니다,10.93,25.33,63.74,긍정
벌금 콩밥 먹여주세요,21.02,38.77,40.21,긍정
벌금도 그 사람의 재산과 수입에 비교한 ,32.89,32.26,34.85,긍정
변호사 문재인 사무장인느낌,0.77,32.65,66.57,긍정
병풍총리는 빠져라,0.72,19.92,79.36,긍정
"보고 접하는 횟수가 많아질수록  신뢰가 깊어지는 인물, 바로 이낙연 총리인 듯.",0.0,43.23,56.76,긍정
보기 안쓰럽네 이낙연이...ㅋㅋㅋㅋㅋㅋ,0.69,16.47,82.85,긍정
본질흐리지말고 문재인 조국 정경심 정경두 이낙연 유시민 이해찬 공지영 임종석 안민석 손혜원 심상정 OUT,0.02,12.85,87.13,긍정
부끄러운 총리...,0.48,44.73,54.79,긍정
부드러운 카리스마 이낙연 총리님 파이팅,0.01,36.56,63.43,긍정
부쩍 총리뉴스가 많네,0.16,44.89,54.95,긍정
북한가서 총리하세요,0.42,44.64,54.94,긍정
불패의 행진,29.39,16.88,53.73,긍정
빨갱이 공산주의자  이낙연총리 너같은 쓰레기 쓸데없는 인간이다  여적죄로,0.0,30.32,69.68,긍정
사과할 사람이 사과를 하지 않고 있으니 총리께서 안타까운 마음에 사과를 하시는구나,0.03,32.52,67.45,긍정
사과할 사람이 사과를 하지 않고 있으니 총리께서 안타까운 마음에 사과를 하시는구나,0.01,18.59,81.4,긍정
삼척동자도,39.22,8.7,52.08,긍정
상중에서도ㅜㅜ 문재인 대통령 존경합니다,0.14,6.76,93.11,긍정
서민 총리님 이시네요!!,0.38,29.47,70.16,긍정
선비따라쟁이에 권력다툼하는 민주당.,30.59,11.07,58.34,긍정
섬나라 원숭이들과의 교류는 절대 반대한다,10.41,4.17,85.42,긍정
성추행과 폭행은 더불어 민주당~~더듬어 민주당??,0.01,22.54,77.46,긍정
소신도 없는 총리 집어 치워라.,20.84,31.9,47.26,긍정
속보같은   이총리님의  반가운  말씀입니다   !,0.76,42.32,56.92,긍정
솔직히 간신같은 이낙연이 보다는 황교안이 좀더 나아보인다 물론 내 생각이지만,0.46,37.63,61.91,긍정
"솔직히 현재 대권주자중에 좌,우 한쪽으로 쏠리지않고, 보수,진보지지층을 달래면서 무난하게  이끌만한 인물은 이낙연총리밖에 없는듯!",0.09,35.92,63.99,긍정
수구 언론들은 이낙연을 집으로 보내려고 하는구나~ 이낙연 없으면 문통 눈탱이 맞는다는 건가? 의견과 사실을 지들 맘대로 버물어서 국론 분열시키고 나라 망치는 쓰레기 수구 꼴통언론이 대한민국에는 참 많아.,23.1,20.66,56.24,긍정
숨넘어가겄다,22.76,13.87,63.37,긍정
싫었다 이재는 이낙연 믿음이안간다,0.72,13.19,86.09,긍정
쓰래기 총리새기가 터진 주둥이라고 시부리는 거 봐라..서초동 집회는? 이런게 총리라고..,1.68,45.16,53.16,긍정
씹,30.89,26.99,42.12,긍정
씹,29.56,14.0,56.44,긍정
아 문재인아들포함요...,0.09,17.74,82.17,긍정
아 짜증난다 쪽국에게는 항상 아부나 구걸 비굴 구차한 이낙연........,0.17,36.91,62.92,긍정
아는사람ㆍ혹시  자한당,0.0,0.04,99.96,긍정
아니예요..  국무총리님  너무 멋지셔요^^,24.66,2.02,73.32,긍정
아마도 이총리는 합리적이라 생각한다. ,0.64,22.35,77.02,긍정
아무리 상대국총리이지만 대국민방송에서 극존칭을하는건 좀...,13.75,38.72,47.53,긍정
아베가  이낙연 이만  찾았구먼,1.41,17.9,80.69,긍정
"아베는 사실 이총리 급도 아니고, 딱 나베 급인데.. 이낙연총리님 역시 관대하시네",0.0,5.76,94.24,긍정
아베도 좌파 문재인을 깔보고 무시한다,0.29,0.19,99.53,긍정
아베도 좌파 문재인을 깔보고 무시한다,0.27,0.33,99.4,긍정
아베면 이총리가 격이 맞지. 일왕 정도가 대통령 클라스,0.34,39.05,60.62,긍정
"아베에게 ""총리 각하""라고 했던 거 봤음.",26.79,4.53,68.68,긍정
아베이넘을 확발로걷어차면좋겠으나 그렇게하면  외교상결래이고 잘타이느고오세요 총리님수고하십시요,3.43,45.66,50.91,긍정
아베총리 한테 갔다오고  ㅋㅋ,1.06,44.06,54.88,긍정
아싸   황교활  2등   1등가자    황교활이  대통령후보돼면   잘해야 30%   양자대결시  100%로.   이낙연 총리님 승리,0.02,11.29,88.69,긍정
아씨,17.03,13.13,69.84,긍정
아우르시고,18.58,22.88,58.54,긍정
아이고 남사시럽다,11.33,8.62,80.05,긍정
아이고 남사시럽다,4.92,12.78,82.3,긍정
아주 총리라는것이 헛소리나하고있고 민주노총이 경찰관들 때려잡을때도  이따위소리 해보지 그러냐..,2.7,16.46,80.84,긍정
아직도... 민주당 지지하는 사람들이 있다니.. 전 자유한국당도 싫어했던 사람이지만 더민주가 최악이란걸 느꼈어요 ㅠㅠ,2.19,17.61,80.2,긍정
안  찍어  줄껄    문재인이  직솔이라,22.71,14.84,62.45,긍정
안정이다 하면서 이낙연 뽑아봤자,0.2,16.15,83.64,긍정
"안희정 숙청, 이재명 숙청, 이제는 이낙연을 내치려고 안달이네. 김대중 계열, 노무현 계열을 숙청하고, 문재인 계열이 더민주를 장악하겠다 이건가.",47.13,5.41,47.46,긍정
앞으로.두번다시이런분들없습니다,45.23,2.66,52.11,긍정
애늙은이 준색아 어디다  이총리를,3.68,2.34,93.99,긍정
앰뒤년,21.62,23.08,55.3,긍정
야  절라도총리    조국이나   엄정하게   처리하시게   ᆢ  넌   뭐냐   평등도   못배웠니,21.94,11.72,66.34,긍정
야 총리 ~~검찰 압수수색현장.  너의 공갈 사기죄는?  ..... 뭐?  여인만 둘 있는집에?   젊잔한줄 알았는데  자격이 문가. 똥구녕 밖에 안되네.  쓰레기.,20.19,21.24,58.58,긍정
야~~~~~~이낙연총리는 좀다른줄알았는데 그나물에그밥 맞았네 세상에.......할말이 그것밖에없습니까????,0.0,18.65,81.35,긍정
야~이낙연 지랄을 엿같이 하셩~~니들 한소행을 생각해봐!!!!🖕,23.9,13.07,63.03,긍정
어린게 뭐 안다거 불러서 총리 이야기를??,1.86,30.51,67.63,긍정
어영부영이아니라 이낙연총리님처럼,0.0,7.52,92.48,긍정
어우 난 이낙연 총리님 너무 맘에들어,0.0,12.4,87.59,긍정
어이 이낙연이  홍어 전라디언 표정 참추려고 고생많어,0.31,42.24,57.45,긍정
언어가사고를지배한다,12.5,1.43,86.07,긍정
"얼마나 급했으면, 총리가 계속 협박하고, 짖어대는가?",3.46,25.61,70.93,긍정
얼마나 자랑스럽고 멋있으시던지,35.78,15.72,48.5,긍정
에효. . ..  국물총리야.,1.05,1.05,97.9,긍정
여권에   마땅한 대권 주자가 없어 문재인의  후계자는  이낙연으로 거의 결정된듯합니다,0.03,27.11,72.86,긍정
여권에서는  이낙연하고  조국이가  싸우겠다,1.2,31.01,67.78,긍정
여기 네이버는 일베들이 현정부와 문재인 까는 장입니다 일베들이 윤석열을 옹호하는 것도 검찰들이 현정부에 흠집을 내니까 좋아서 죽는겁니다 촛ㅈ불시민이 탄생시킨 대통령님은 기죽지 마시고 시민들을 믿고 앞으로 나가십시요 문재인정권 끝까지 지지합니다,32.89,18.87,48.24,긍정
여니 총리님 사랑해요~ 정말 열심히 일만 하시는 분!,0.01,3.3,96.69,긍정
여당에 낙연총리가있으므로,0.34,22.43,77.24,긍정
"여론 조작하지맙시다.어디서 사기치십니까?능구렁이같이 오늘도 국감에서 조국쪽편만들고 뉴스는 다 가짜고 정경심말은 진짜라고 술술 넘어가는 꼬라지가 문재인 판박이더만.왜 정치인들은 흰색,검정색 구분을 못하시는지.본인도 그렇게 사니까 정의를 모르시나?이런사람이 대권주자면 이나라 망하네.요즘은 정말 이나라 싫고 정치인싫고 무조건 조국편드는 국민들도 정신병자같네요.국민들이 검찰개혁하라고 대모하는데 검찰개혁이 무슨뜻인지나 알고 나와서 소리치는지.불법저지른 조국을 수호한다고 .우리나라가 사회주의가 되어가는데도 그저 조국이고 문재인이래.",2.75,1.64,95.61,긍정
여의도를 향해 뛴다고? 무슨말이여~~~ 총리자격없음. 너무싫다.,3.82,9.42,86.76,긍정
역대 총리중 젤 나은거 같음,13.48,38.78,47.74,긍정
역대급 무능한 정권 YS를 능가하는 무능한 문재인정권에서,0.11,19.81,80.08,긍정
역대급 총리님이세요~♥,0.67,19.21,80.12,긍정
역대급 최고의 총리다,0.86,49.0,50.15,긍정
"역대껏 이런 책임총리제를 실제 실행한 정부도 없었고, 그 자리에 걸맞게 일을 훌륭히 해내는 총리도 없었다.",30.24,2.74,67.02,긍정
역대최고 무능한이낙연총리   허수아비 총리,0.0,45.41,54.59,긍정
역사에 가장 위험한 대통령 문재인!,0.18,39.06,60.77,긍정
역시 이낙연 총리~~,0.0,33.27,66.73,긍정
역시 이총리 말씀 잘하시네!!,1.46,48.07,50.47,긍정
역시 이총리님 ^^,0.35,36.43,63.22,긍정
역시 자한당  또 남탓해라  나씨 !,14.44,2.85,82.71,긍정
역시 총리님,0.02,31.4,68.58,긍정
역시 총리님+_+,0.06,20.4,79.55,긍정
역시 총리님이십니다,0.18,46.54,53.28,긍정
역시이낙연총리,0.0,11.59,88.41,긍정
역시이낙연총리,0.0,11.59,88.41,긍정
연미복 참 잘어울리더이다. 이총리님.,0.23,7.93,91.85,긍정
염치 없고 후안무치 자한당,0.01,0.33,99.66,긍정
오늘 이 시대에는 이낙연이 답이다...!!,0.7,10.87,88.43,긍정
오래 계세요!!!총리님!!! 그리고 대선나와주세요!!!!,17.73,32.46,49.81,긍정
오래살아남기  한국신기록^^  무던하신 분~,23.02,10.15,66.83,긍정
오래하는것도 트집이네 역대 총리중 가장  처신잘하고 믿음직하고 책임감있게 한총리님이시다 자한당  이낙연총리만한 사람있으면 추천해봐라ㅡㅡ발끝도 못쫒아갈 인간들 집단이라 생각하기도 싫다만ㅡㅡ,0.76,20.95,78.29,긍정
옳소!!총리님👍,10.69,43.7,45.61,긍정
옳은소리못하는 이낙연총리 문재인 대통령앞에서,0.0,6.54,93.46,긍정
와 머리속은 입말하고 대단하다..이낙연아저씨는 사기꾼입니다 ㅋㅋㅋ,0.25,26.81,72.94,긍정
와 뭐 이런 개 쓰레기가 총리가~?,6.43,19.37,74.2,긍정
와 역시 장수 총리 답변,0.01,5.9,94.08,긍정
왜 문재인은 빼는데... 가장 구린내가 많이 나는데.,0.2,37.64,62.17,긍정
왜 이렇게 이낙연을 띄워주냐..언론사들이..이낙연은 만만한가 보지 ㅎ,0.1,28.07,71.82,긍정
왜구들이랑 뭘 대화를 하겠다고 하십니까 총리님. 당장 선전포고 후 돌아오세요 일본과의 합의란 절대 없습니다. 무조건 한쪽 끝이 파멸할때까지 끝까지 싸워야합니다. 왜구들에게 합의를 핑계로 백기항복하지 마시길.... 문재인 대통령님의 뜻을 헤아려 주십시오,32.61,31.04,36.35,긍정
왜ㅡ나중에자한당갈려구,11.9,31.9,56.2,긍정
외교는 문재인. ,0.17,5.34,94.48,긍정
외유내강의 이낙연 총리님  잘하고 계십니다!,0.01,2.51,97.48,긍정
요즈음 이낙연총리님 밸런스 잃은거 같애. 조국 집에 여자2명만 있은게 아니고 변호사와 검사와 수사관 중에도 여자가 있어 4명에 변호사3명 개경심 아들1명 도합 6명에 압수수색에 검사1명과 조사관5명이 있었는데 제대로 알지 못하고 국민들 앞에 거짓말하고 11시간 수색시간도 개경심이 요청해서 정한 날에 압수수색도 방해하면서 영장을 재발부 받아오느라고 늦었는데 그것까지 후라이쳐서국민들 앞에 공갈놓고 과도하기는 삶은소대가리와 좃국이 과도하게 국력을 소실시키는데 수사가 과도하다고 국민들 앞에 공갈놓는 총리는 초록은 동색이라 거짓말집단이다.,0.0,48.16,51.84,긍정
요즘 조국사태. 보고 이낙연 말과 행동에 실망,0.1,19.96,79.94,긍정
용산참사,37.56,13.79,48.65,긍정
우리 총리 건들지마 왜구쪼바 리 스키야.,8.1,35.91,55.99,긍정
우리 총리님손에 일본것 들고와야하나.?,0.43,40.22,59.35,긍정
우리 총리님처럼 든든한 총리없었다.,0.0,28.27,71.73,긍정
우리나라 정서상 황교안이는 절대 대통령이 될 수 없다 .,29.84,35.0,35.15,긍정
우리나라에  총리가  있었나.,0.97,38.34,60.69,긍정
우매한 국민들의 청개구리 심보를 봐라 대가리 깨져도 문재인 지지하는 똥멍청이 대깨문들아 나중에 조국 수사 재판가서 진실이 들어나도 니들은 무조건 조국 옹호할꺼야,5.19,38.44,56.37,긍정
우우부단 이낙연이 1등이라고    후후  또 여론몰이하는 군,0.18,39.31,60.51,긍정
웬만하면 장수총리로 그냥 가시지~,2.19,23.07,74.74,긍정
유니클로 불매운동은 알고있니.반일감정을뒤로하고  일본즉위식을가? 이낙연총리 탄핵가자! 탄핵탄핵탄핵탄핵탄핵탄핵탄핵탄핵탄핵탄핵탄핵탄핵탄핵탄핵탄핵탄핵탄핵탄핵탄핵탄핵탄핵탄핵탄핵탄핵탄핵탄핵탄핵탄핵탄핵탄핵탄핵탄핵탄핵탄핵탄핵탄핵탄핵탄핵탄핵탄핵탄핵탄핵탄핵탄핵탄핵탄핵탄핵탄핵탄핵탄핵탄핵탄핵탄핵탄핵탄핵탄핵탄핵탄핵탄핵탄핵,0.04,47.95,52.01,긍정
유시민 이낙연 이런 분들은,0.11,30.03,69.86,긍정
윤떡렬,37.88,23.32,38.8,긍정
"윤총장은 하루만에 검찰개혁안 내고, 신속하게 실행하겠다 했는데. 왜 총리씩이나돼서 지금의 어려운 경제현안에 대한 정책 언급은 없고, 허구헌날 검찰외압만 하고 계세요? 그래도 문정권에서 가장 이성적인 사람이라 생각했는데, 자기진영논리에 빠진 편파주의와 기득권과 정권 유지에만 급급한 모습을 보이시니 너무 안타깝습니다. 제발 처음 총리님께 기대했던 것처럼, 정권의 사람이 되지말고 국민의 일꾼이 되어주세요.",42.14,5.26,52.61,긍정
응 10분,24.76,29.42,45.83,긍정
응연합니다  이낙연만세!,0.04,21.22,78.74,긍정
응원합니다... !!! 총리님...!!,2.24,43.88,53.88,긍정
이  총리님 ,0.46,43.1,56.44,긍정
"이 낙연 총리님,",3.86,32.65,63.48,긍정
이 낙연 총리를,1.69,26.68,71.63,긍정
이 총리 말씀이 하나도 틀린게 없다.,0.02,34.85,65.13,긍정
이 총리님 고생이 많으십니다,0.42,26.54,73.04,긍정
이 총리님 권한이 있으니 할 건 하자구요,0.05,22.29,77.65,긍정
이 총리님 얼굴도 차분하여 안심,0.9,48.84,50.26,긍정
이 xx 얼굴 철판이네... 진짜 민주당 다시는 지지 안한다,38.31,1.42,60.27,긍정
이거 보고  이제 나경원 욕하지마라.  가야하면 가는거지 . 외교가 개인감정으로 하는건가. 집안일은 집안일이고 문재인보다 이낙연  아베가  격이  맞는듯.,0.62,14.52,84.86,긍정
이건  총리가  지시할   내용이 아니니데,31.41,29.18,39.41,긍정
이것이 총리가 사과할 일인가?,10.02,30.15,59.83,긍정
이것이 총리가 사과할 일인가?,15.69,29.73,54.59,긍정
이게 사실이면 이낙연....당신도 끝,0.88,29.64,69.48,긍정
이게 지금 법과 원칙대로 되었다고 총리는 보시는 겁니까.,17.64,40.3,42.06,긍정
이게 지금 법과 원칙대로 되었다고 총리는 보시는 겁니까.,17.64,40.3,42.06,긍정
이낙엔 총리는 불공정한 검찰 수사에 대하여  좀더 강하게 질타해야 한다.,27.28,27.07,45.65,긍정
이낙연    응원합니다,0.0,2.38,97.62,긍정
이낙연  짱!,0.0,22.81,77.19,긍정
이낙연  총리가  대선  출마하면  무조건  찍겠습니다,0.0,47.63,52.37,긍정
이낙연  총리는,0.0,5.0,95.0,긍정
"이낙연  총리님,  지금도 잘  하고  계십니다. 민주당 들어오셔서  쎈  민주당  만들어주시고   대통령님께  큰  힘이 되어 주세요.",0.0,23.51,76.49,긍정
이낙연  화이팅 !,0.0,3.99,96.0,긍정
이낙연  화이팅 !,0.0,3.43,96.57,긍정
이낙연 거취는 ,0.03,48.31,51.66,긍정
이낙연 국무총리님 지지합니다♡,0.0,1.58,98.41,긍정
이낙연 나오면 이낙연 지지한다,0.0,48.25,51.75,긍정
이낙연 대통령  확신합니다,0.0,20.82,79.18,긍정
이낙연 대통령!,0.0,3.58,96.42,긍정
이낙연 대통령!!,0.01,5.73,94.26,긍정
이낙연 대통령?? 좋네요~ ㅎㅎ 일단 좀더 지켜보겠습니당~,0.01,22.53,77.46,긍정
이낙연 대통령도 좋다고 생각함,0.0,7.12,92.88,긍정
이낙연 대통령되면 나라 망함 문재인 2년도 이정도인대,0.0,31.6,68.4,긍정
이낙연 든든합니다,0.0,5.75,94.25,긍정
이낙연 무게 있고 멋있음.카리스마가 느껴짐.,0.0,12.12,87.88,긍정
이낙연 승,0.0,38.02,61.98,긍정
이낙연 실망이다 대권주자로 생각했는데 이 나란 답이없다,0.0,17.01,82.99,긍정
이낙연 아들도 포함. 감사들어가시죠...,0.0,16.06,83.94,긍정
이낙연 이미지 관리 잘하다가 역시 어려운 상황에서 바닥 드러나네,0.0,13.81,86.19,긍정
이낙연 이사람도 어쩔수 업너 아까운사람이다  중용을 잃다니,0.0,41.24,58.76,긍정
이낙연 조국 대한민국 말아먹기 완성에 좋은 인물들,0.01,46.18,53.81,긍정
이낙연 좋은 기사가 많네.,0.0,37.26,62.74,긍정
이낙연 짱!!! 정신 말짱하시네요 차기 대권 기대해봅니다,0.0,44.66,55.34,긍정
이낙연 총ㄹ리님 지지합니다~^^,0.0,15.53,84.47,긍정
이낙연 총리,0.0,18.04,81.96,긍정
"이낙연 총리 ! 여권인사 중 그래도 합리적 인물로 보아왔는데, 참으로 실망이다. 극히 일부 과격한 행동이 있었지만 그 수많은 인파가 이를 제어해서 집회는 끝까지 평화롭게 진행되었다. 본질은 문정권의 비상식적인 인사독재와 속보이는 검찰압박에 분노한 국민들의 규탄인데, 반성과 사죄를 해도 부족할 판에, 마치 폭력집회라도 되는 양 모함하고 나서는가? 과거 어느 시위에서 그 정도의 충돌도 없었던 적이 있는가? 정말 문 정권에는 최소한의 양식이라도 가진 인사가 이렇게도 없는 것인가? 그렇다면 이 정권은 기어이 스스로 파멸을 자초하는 것이다",0.0,36.45,63.55,긍정
이낙연 총리 대인배,0.0,11.11,88.89,긍정
이낙연 총리 밖에 대통령 깜냥이 없다. 교활한 인간은 안 된다. 버러지들도 안 된다.,0.0,39.83,60.17,긍정
이낙연 총리 존경합니다,0.0,2.41,97.59,긍정
이낙연 총리 좋아요,0.0,2.09,97.91,긍정
이낙연 총리 지지합니다~~~^^,0.0,1.88,98.12,긍정
이낙연 총리 화이팅~♡,0.0,1.05,98.95,긍정
이낙연 총리 힘내세요!!!!!!,0.0,0.91,99.09,긍정
이낙연 총리가,0.0,19.29,80.71,긍정
이낙연 총리가 차기 대통령이 될것이다.,0.0,8.54,91.46,긍정
이낙연 총리께 1표,0.0,23.49,76.51,긍정
이낙연 총리는 딱 총리감이다.,0.0,8.9,91.1,긍정
이낙연 총리는 여러모로 밸런스가 잘 갖춰진 차기 대권후보인듯.,0.0,11.18,88.82,긍정
이낙연 총리는 좋은게 좋은거라는 식의 ,0.0,15.38,84.62,긍정
이낙연 총리는...,0.0,30.05,69.95,긍정
이낙연 총리님,0.0,5.47,94.53,긍정
이낙연 총리님,0.0,5.47,94.53,긍정
이낙연 총리님,0.0,5.47,94.53,긍정
이낙연 총리님,0.0,5.47,94.53,긍정
이낙연 총리님,0.0,5.47,94.53,긍정
이낙연 총리님,0.0,5.47,94.53,긍정
이낙연 총리님  ,0.0,5.47,94.53,긍정
이낙연 총리님  조국장관님~!!!,0.0,16.96,83.04,긍정
이낙연 총리님  좋으신데 객관적으로 더 냉철하게 대선을 볼 필요도 있어보임  결국 승리가 답인데...,0.0,10.8,89.2,긍정
이낙연 총리님 감사합니다,0.0,2.29,97.71,긍정
이낙연 총리님 감사해요,0.0,2.29,97.71,긍정
이낙연 총리님 꼭 다음 대통령 바랍니다,0.0,1.97,98.03,긍정
이낙연 총리님 멋지십니다,0.0,1.64,98.36,긍정
이낙연 총리님 멋집니다,0.0,1.64,98.36,긍정
이낙연 총리님 문재인 대통령님 보좌  잘 해주셔서 ,0.0,5.92,94.08,긍정
이낙연 총리님 뭘하시든 지지합니다,0.0,2.63,97.37,긍정
이낙연 총리님 보면,0.0,44.77,55.23,긍정
이낙연 총리님 사이다 발언 속이 시원합니다 이렇게 속시원히 계속 밀어부쳐주세요♡♡♡ 차분하고 정확하고 겸손하고 존경합니다~!!!,0.0,14.14,85.86,긍정
이낙연 총리님 언제나 응원하겠습니다 지금도 너무멋져용♡,0.0,0.46,99.54,긍정
이낙연 총리님 언제나 응원합니다. 건강도 잘 챙기세요!!,0.0,1.06,98.94,긍정
이낙연 총리님 응원합니다,0.0,0.66,99.34,긍정
이낙연 총리님 응원합니다!,0.0,0.45,99.55,긍정
이낙연 총리님 응원합니다♥,0.0,0.49,99.51,긍정
이낙연 총리님 점점 이상해집니다,0.0,15.08,84.92,긍정
이낙연 총리님 정치인들의 참된귀감입니다,0.0,4.7,95.3,긍정
이낙연 총리님 조국장관 관련해서,0.0,31.39,68.61,긍정
이낙연 총리님 존경합니다.,0.0,2.69,97.31,긍정
이낙연 총리님 지지 합니다,0.0,1.19,98.81,긍정
이낙연 총리님 지지합니다,0.0,1.19,98.81,긍정
이낙연 총리님 지지합니다,0.0,1.19,98.81,긍정
이낙연 총리님 지지합니다..그런데 문재인과 이해찬 등등 ㄱ ㅐ 병 신 들이 싫어지네요..,0.0,14.06,85.94,긍정
이낙연 총리님 최고!!! 일 정말 잘하시고~좋은분,0.0,0.71,99.29,긍정
이낙연 총리님 화이팅!,0.0,1.1,98.9,긍정
이낙연 총리님 화이팅!!!,0.0,4.2,95.8,긍정
이낙연 총리님 화이팅!!!,0.0,4.2,95.8,긍정
이낙연 총리님 화이팅~ ,0.0,1.5,98.5,긍정
이낙연 총리님 화이팅입니다 ,0.0,0.49,99.51,긍정
"이낙연 총리님, 감사합니다.",0.0,2.54,97.46,긍정
"이낙연 총리님, 조국 법무님, 검찰개혁 응원합니다. 이해찬은 왜? 이재명 싸고도느라 바쁠 텐데. 민주당은 이해찬 , 이재명 버리고 이낙연 총리로 비대위 꾸려라.",0.0,42.55,57.45,긍정
이낙연 총리님!감사합니다.,0.0,2.13,97.87,긍정
이낙연 총리님. ,0.0,10.43,89.57,긍정
이낙연 총리님...항상 응원합니다!!!,0.0,1.29,98.71,긍정
이낙연 총리님~ ,0.0,13.74,86.26,긍정
이낙연 총리님~ ,0.0,8.7,91.3,긍정
이낙연 총리님께서는 지일파 의원 출신으로서 향후 포스트아베에 대비한 담론 형성에 힘쓰시면 좋겠다,0.0,10.31,89.69,긍정
이낙연 총리님이 끝까지 함께 해주세요!,0.0,2.2,97.8,긍정
이낙연 총리님이 인품도 있고 훨씬 좋다고 생각함.,0.0,10.68,89.32,긍정
이낙연 총리를 지지하고 좋아하지만  ,0.0,1.65,98.35,긍정
이낙연 총리에게 큰 실망을 하게 됨~ㅠ.ㅠ,0.0,8.89,91.11,긍정
이낙연 총리의  명확한  질책과 현명한  말씀,0.0,37.35,62.65,긍정
이낙연 태세전환하는거 보고 진심 욕나왔다. 정의당하고 똑같아,0.0,8.05,91.95,긍정
이낙연 파이팅!! 역시 대통령감임.,0.0,7.12,92.88,긍정
이낙연 파이팅~,0.0,10.67,89.32,긍정
"이낙연 화이팅,",0.03,23.34,76.63,긍정
이낙연 화이팅!,0.0,5.27,94.72,긍정
이낙연 화이팅..~~~,0.0,3.19,96.81,긍정
이낙연! 북한가서 김일성 찬양한 글 보면 총리자리 에서도 내려와야한다! 주석님 앞에 부끄럽다던 자!,0.0,38.0,62.0,긍정
이낙연!이낙연!,0.0,10.81,89.19,긍정
이낙연같은 정치인 이낙연같은 행정가 ,0.0,0.94,99.06,긍정
이낙연국무총리의 881일재임을 국민으로서 진심으로 축하합니다,0.0,21.24,78.75,긍정
이낙연님 최고죠^^,0.0,1.78,98.22,긍정
이낙연님 화이팅...,0.0,6.44,93.55,긍정
이낙연도 문재인 앞잡이 다 됐구만....이런 능구렁이같이 간사한 총리도 이전에 본 전례가없다.,0.0,48.38,51.62,긍정
이낙연도 문재인의 하수꾼이 ?,0.0,21.12,78.88,긍정
이낙연보내서 굽신굽신 하는구나,0.0,36.63,63.37,긍정
이낙연보다 차라리 허경영 뽑는다,0.01,28.56,71.43,긍정
이낙연씨 점잖은분으로 봤는데 요즘들어 실망스럽네,0.0,4.05,95.95,긍정
이낙연은  소신 없는 정치인..,0.0,28.17,71.82,긍정
이낙연은  힘이듭니다.,0.01,14.02,85.97,긍정
이낙연은 더불어비리 민주당에서는,0.0,39.9,60.1,긍정
이낙연은 문재인이 부족한  많은것을 지니고 있네요,0.0,45.22,54.78,긍정
이낙연을 문재인 대통령의 계승자로! 이낙연 대통령!,0.0,49.31,50.69,긍정
이낙연을 좋은 총리라 볼수없지  붙잡을 일도 아니고 그런데 본인이 싫다하는데 왜 잡는지  싫은 총리자리 제대로수행할지  그리고  총리 자리가뭘하는지 궁금하군,0.0,49.7,50.3,긍정
이낙연을 키워서 민주당 대통령 만들어 정권교체시키려는 조중동의 음흉한 술책이다,0.0,46.36,53.64,긍정
이낙연이,0.0,45.88,54.12,긍정
이낙연이 다음 대통령 후보?? 아웃!!,0.0,45.62,54.38,긍정
이낙연이 믿음이 안가 쩝,0.0,38.01,61.99,긍정
이낙연이 보수파라면..뽑을수도.,0.0,45.26,54.73,긍정
이낙연이도 끝이다  문재인과 함께 사라져라,0.0,24.45,75.55,긍정
이낙연이라는 언론인이 계셨다는게 너무 다행,0.0,14.36,85.64,긍정
이낙연총리 내각의 무기력,0.0,12.15,87.85,긍정
이낙연총리 대선쟁취까지파이팅👍👍👍,0.0,3.09,96.91,긍정
이낙연총리 매우 훌륭한분입니다. 문재인대통령께서 인복많으십니다.,0.0,6.0,94.0,긍정
이낙연총리 웃고있네,0.0,42.19,57.8,긍정
이낙연총리 차기 대통령으로 좋습니다,0.0,1.46,98.54,긍정
이낙연총리 카리스마있고 인품있고 인지도 짱이다 국회의원들 처럼 막말안하고 머리 지식 꽉찬 분,0.0,8.94,91.06,긍정
이낙연총리 한명이 훨씬 낫다.,0.0,42.11,57.89,긍정
이낙연총리가 물었다 ,0.0,49.68,50.32,긍정
이낙연총리가 자기를 찾아온 이유는,0.0,2.46,97.54,긍정
이낙연총리는,0.0,1.71,98.29,긍정
이낙연총리는 문재인대통령의 가장 큰 힘이 되는 인사였네요 고생이 많으십니다.,0.0,31.32,68.68,긍정
이낙연총리님,0.0,5.47,94.53,긍정
이낙연총리님,0.0,5.47,94.53,긍정
이낙연총리님,0.0,5.47,94.53,긍정
이낙연총리님,0.0,5.47,94.53,긍정
이낙연총리님,0.0,5.47,94.53,긍정
이낙연총리님  문대통령과 함께 끝까지 함께해주세요  차기 대권주자닌 이낙연총리뿐입니다  지금처럼  잘해주세요  야당놈들 잡으루있는분은 이낙연총리님뿐입니다,0.0,35.61,64.39,긍정
이낙연총리님  지지합니다~~~~!!,0.0,3.45,96.55,긍정
이낙연총리님  차기 대권주자로 임명합니다.,0.0,3.29,96.71,긍정
이낙연총리님 감사합니다. 검찰이.안 움직이니 행안부라도 움직여주세요.,0.0,7.27,92.73,긍정
이낙연총리님 말씀 백번 지당하십니다 ,0.0,8.7,91.3,긍정
이낙연총리님 멋지십니다. 가려운데를 제대로 아심!,0.0,1.41,98.59,긍정
이낙연총리님 믿습니다~,0.0,1.87,98.13,긍정
이낙연총리님 뿐이네요,0.0,23.89,76.11,긍정
이낙연총리님 영광에서 국회의원하실때,0.0,16.07,83.93,긍정
이낙연총리님 응원하고 있습니다.,0.0,0.97,99.03,긍정
이낙연총리님 응원합니다,0.0,0.66,99.34,긍정
이낙연총리님 지지합니다,0.0,1.19,98.81,긍정
이낙연총리님 짱짱짱!!!,0.0,32.9,67.1,긍정
이낙연총리님 최고다,0.0,3.3,96.7,긍정
이낙연총리님 흔들림 없이 국정운영해  주시고 계셔서  감사합니다!  힘내세요!  응원합니다!,0.0,2.18,97.82,긍정
이낙연총리님....젠틀한 언변에 매력 쩝니다....화이팅!,0.0,24.8,75.2,긍정
이낙연총리님.쪽빠리하고 합의하며안되요 ㅎ,0.0,13.57,86.43,긍정
이낙연총리님💙,0.0,3.77,96.23,긍정
이낙연총리님께서는,0.0,1.74,98.26,긍정
이낙연총리님을 지지지합니다,0.0,11.83,88.17,긍정
이낙연총리님을 지지합니다. 항상 건강을 챙기세요.,0.0,4.31,95.69,긍정
이낙연총리도,0.0,31.81,68.19,긍정
이낙연총리를 평가하냐,0.0,32.69,67.31,긍정
이낙연총리면    무난하지요.,0.0,45.64,54.36,긍정
이낙영 총리님에  대해 몰랐다가 유튜브에서 대화하는모습보구 정말 반했어요..,25.06,30.4,44.54,긍정
이따위 거짓조작 여론조사 6개월후 총선에서 결과로서 들어날거다...문재인 민주당정부 반드시 표로서 심판하리라~~,1.03,6.58,92.39,긍정
이또한 명령이다. !!,7.95,3.67,88.38,긍정
이러니,40.87,5.21,53.92,긍정
이러니  문재인 정부가 욕만 처먹고 있지.,30.06,33.8,36.14,긍정
이런 사단을 만뒨 장본인 이낙연이다.,0.17,2.16,97.67,긍정
이런 자를 총리에 앉히다니. ,8.74,35.05,56.21,긍정
이런 자슥을 뭘 믿고  그리 오래 총리를,0.51,2.4,97.09,긍정
이런게 총리였어  능구렁이 같은 인간,0.63,2.82,96.55,긍정
이런세키가 총리라니  역시 전라도,6.6,15.87,77.53,긍정
이번엔 이낙연의 시간들이 열릴듯.,0.76,45.07,54.18,긍정
"이재명은 검찰개혁하는 곳에도 사람보내 서명받게 하고 이낙연 총리님은 경기도로 여기 저기 노심초사 일하러 다니시고. 이러다 일 끝나면 이재명은 또 숟가락 얹기 신공, 기레기 언플 시작되지요. 이재명은 권력남용하고 형 정신병자로 몰아넣은 죄대로 유죄 판결 받고 지사에서 내려가시오. 그래야 법치국가입니다. 이재명 조폭 유착 그알 2가고 김사랑 납치 사건도 재조사해야합니다. 그 사람은 파면 팔수록 이명박.",0.72,31.77,67.51,긍정
이재명이 총리 맡고,0.39,26.83,72.78,긍정
"이정부 수준을 적나라하게 보여준게 총리 수준이다. 이낙연?  내년총선 호남당으로  ""  얼빠진 노인들 쇄뇌당한 젊은이 그들의 한표한표  다 끌어모아라",0.07,35.54,64.39,긍정
이제 검찰은 이낙연 총리님을.조사합니다 ㅜ지켜 줄게요,0.01,26.12,73.87,긍정
이제 총리까지 맛이갔네 민주당 슬슬 끝이보이네,0.01,12.07,87.92,긍정
이제야,15.06,17.88,67.06,긍정
이젠 이낙연이냐  민주당은 지금 열우당때로  돌아가고 있다 이낙연 총리 건드리지마  열우당의 결말 알잖아 당 폭망,0.0,20.36,79.64,긍정
이준석,40.73,10.64,48.62,긍정
이준석 박근혜 키즈는 열심히 일 잘하고 있는 이낙역 국무총리가 최장수 총리 된 게 싫은 거라고 말 해라. 멀쩡히 일 잘 하고 있는 총리보고 일 그만 두고 국회 가보라고 하는지 이해가 안 됨.,0.41,16.55,83.04,긍정
이준석이는 아니다. 정치 초년생도 아닌 주제에 감히 나라를 대표하는  이낙연총리를,0.0,20.37,79.63,긍정
이총리  문씨보내요...,2.49,43.16,54.35,긍정
이총리  반의반도 안되는 담마진,5.89,46.44,47.67,긍정
이총리 일 잘한다,2.73,19.74,77.53,긍정
이총리 포스가 문재인보다 훨 낫다,0.0,4.67,95.32,긍정
이총리 포스가 문재인보다 훨 낫다,0.01,8.9,91.09,긍정
이총리 화이팅!!!,2.65,27.48,69.86,긍정
이총리 화이팅!!!!,2.21,18.62,79.17,긍정
이총리. 계속해라. 이총리만한 사람 없다,0.01,34.56,65.43,긍정
이총리님  적극   찬성 합니다  가장  바른사람   ,0.21,39.96,59.83,긍정
이총리님  짱입니다~~^^,0.06,4.38,95.56,긍정
이총리님 !  참 줏대없네요! ㅉㅉ,0.01,19.66,80.33,긍정
이총리님 역시 화이팅 입니다,0.07,4.33,95.6,긍정
이총리님 응원합니다.,0.05,6.06,93.9,긍정
이총리님 쭉 가주세요,0.62,33.52,65.86,긍정
이총리님 현재 다음 후보자로 추천  1등입니다,0.36,42.58,57.06,긍정
이총리님 홧팅요!!,0.21,5.11,94.69,긍정
이총리님. 든든합니다 ,0.09,5.68,94.23,긍정
이총리님. 든든합니다 ,0.05,6.43,93.51,긍정
이총리님~ ,0.47,27.85,71.68,긍정
이총리님~ ,0.27,23.3,76.43,긍정
이총리님은 문정부 임기까지 계속 같이 가셔야 한다. 이런분이 계셔서 정말 다행이다.,0.01,37.08,62.91,긍정
이총리님은 보는것만으로 미소가 번지는 분입니다.,0.03,10.47,89.5,긍정
이해찬은 정치 은퇴하고 이낙연이 당대표 및 인재영입위원장까지 맡는게 맞다,0.03,14.64,85.33,긍정
인격과 실력을 갖춘 총리다.,8.27,9.84,81.88,긍정
일 잘하는 총리님. 이번 정부와 끝까지 함께 해요,6.07,20.38,73.55,긍정
일말의 양심이라도 있을거라 생각해왔으나 요즘 총리님이 더 별루네요. 그냥 아무것도 하지 않고 그냥 나팔수 허수아비 총리같네요. 나라의 어른으로 한심할뿐이네요,7.78,15.62,76.6,긍정
일본 말만하면 토착왜구라고 개 거품 물던 인간들아 니들편인 총리가 토착왜구가 됐다...좋겠다.,29.88,11.62,58.49,긍정
일본 앞잡이 이낙연 ㅎㅇ~,5.43,13.08,81.5,긍정
일본 총리 면담 잘 하셨습니다,0.65,29.22,70.13,긍정
일본에 이낙연가니까 ,5.4,36.93,57.67,긍정
일본에선 이낙연을 완전 바보로 취급하더라. ,3.69,14.18,82.13,긍정
일은 문프와 여니총리님만 하신다 민주당 뭐하니?,1.38,30.83,67.79,긍정
입이 열개라도 할 말 읍다,14.0,4.85,81.15,긍정
있는듯 없는듯 그렇게 해서 장수총리가 되면 나라 발전이 있습니까?,1.13,12.6,86.27,긍정
있는듯 없는듯 그렇게 해서 장수총리가 되면 나라 발전이 있습니까?,0.39,14.35,85.26,긍정
있으면  총리 사퇴하라,1.0,44.25,54.75,긍정
자,0.01,8.54,91.46,긍정
자,0.01,8.54,91.46,긍정
자 나베차례인가? 고우!,8.37,5.85,85.78,긍정
자 이상 기레기들 뇌피셜 이었습니다.,2.82,2.46,94.72,긍정
자! 이제부터  나경원 부정부패  탈탈 떨어버리자,45.63,0.33,54.04,긍정
자기가 뭐라고 총리를 평가하는가,4.34,37.79,57.88,긍정
자신도 과신하지말고 머불어민주당의,1.35,5.57,93.08,긍정
자한 당 개 쓰 레 기 들아 이제 조 장관 그만해라.,0.02,0.12,99.87,긍정
자한 당 개 쓰 레 기 들아 이제 조 장관 그만해라.,0.01,0.12,99.87,긍정
자한당  정갑윤의원이 어디 갔다  오셨나 봅니다,0.13,0.21,99.66,긍정
자한당  종자들은  남이 잘되는꼴을 못보는 지~~,0.04,0.02,99.94,긍정
자한당  친일파들이 득세를 해서  나라가  미쳐 돌아가니 평범한 나도 광장으로 뛰어간다,0.07,0.25,99.68,긍정
자한당 개소리,0.02,0.43,99.55,긍정
자한당 공천 받을 심산인가?,0.01,0.08,99.91,긍정
자한당 관련된건 수사 시작도 안해 ,0.0,0.07,99.93,긍정
자한당 국개들 추하다..,0.0,0.09,99.9,긍정
자한당 국케으언 맞네 니입어로 ~~ㅋ.ㅋ,0.0,0.04,99.96,긍정
자한당 기레기 검찰들이 사과 해야지요,0.0,0.16,99.84,긍정
자한당 기레기 검찰들이 사과 해야지요,0.0,0.16,99.84,긍정
자한당 나경원 검찰은 다 한통속인건가  나라를 두쪽 내고 민심을 흔들고 일본처럼 우경화에 가까운 발언을 하고 비속어에 도저히 국민이 이해할 수 없는 행동들 총선때 국민의 민심이 어디에 있는지 보여줘야 한다 검찰은 빨리 나경원을 수사해야 할 것이다,0.0,0.07,99.93,긍정
자한당 나베 공격에 여념이 없구나 이제 일본 패기에 지짗ㄴ 광신도 좌파 진보 노무시키들,0.39,0.37,99.24,긍정
자한당 니들은....그냥 반대의 반대만 처 하러 국회일 하냐?,0.01,0.06,99.93,긍정
자한당 대표보다는 ,0.14,2.25,97.6,긍정
자한당 데모가 다 그렇지 ㅋㅋ 성추행 폭행 집단 연행  쓰레기들 ㅉㅉㅉ,0.13,0.32,99.55,긍정
자한당 먼저잡지 그래? 그러면 이해한다,0.0,1.34,98.66,긍정
자한당 물어뜯으란말야 ,0.0,0.06,99.94,긍정
자한당 미친것들 .. 나경원이 스페셜올림픽은 발톱의때 만큼밖에 안된다...,0.01,0.05,99.93,긍정
자한당 민낯이지~ 황교안 장관 때 자식들 장관 상 받았더던! 권력형 비리지!,0.01,0.08,99.92,긍정
자한당 방해로 70년을 못했다.......................................,0.0,0.14,99.86,긍정
자한당 범죄자들 왜 수사 않하나,0.01,0.13,99.86,긍정
자한당 봐주기하네.,0.01,0.05,99.95,긍정
자한당 뻔뻔스러움에 치가 떨린다,0.04,0.55,99.4,긍정
자한당 수준인 ×뽀 이름이 나오네...,0.12,13.53,86.35,긍정
"자한당 순 구정물 쓰레기통 범죄벌레들만 우글거리는 떵통, 수구 덩어리노인네들 다 빠져주거라.",0.01,0.04,99.95,긍정
자한당 아무나 나와도 당선 예언합니다.,0.08,1.64,98.27,긍정
자한당 애들은 하나 같이 수사를 다 피하는데 이건 당 차원 특검이 필요해 보임,0.01,0.11,99.88,긍정
자한당 일당들이 나라를 몇번을 거덜 냈는가,0.01,0.28,99.72,긍정
자한당 작전 실패?,0.03,0.49,99.49,긍정
자한당 작전 실패?,0.02,0.32,99.67,긍정
자한당 정점식 너무 나대지말아라,0.01,0.53,99.46,긍정
자한당 지네는 검찰존중한다면서 왜 소환불응이냐ㅋㅋㅋㅋㅋㅋㅋㅋㅋㅋㅋㅋㅋㅋㅋㅋㅋㅋ,0.08,0.39,99.53,긍정
자한당 지지자가 아닙니다... 그런데 현정부 내로남불 심합니다. 현정부 지지 안합니다 조국장관은 물러나야합니다,0.03,0.16,99.81,긍정
자한당 집회는 쓰레기집회,0.03,0.3,99.67,긍정
자한당 집회수준이 그럴줄알았다..한심하다..알바데려다 뭐하는건지...매주집회 열어서 자한당 파산했음좋겠네..담주도 또모이세요들~~세달 쭉 그인원이면 알바아닌거 인정해줄게용.ㅋ,0.01,0.04,99.95,긍정
자한당 짓거리가 어디가도 말썽이네. 얼릉 검찰은 팩트인 패스트트랙 수사부터 하시오. 나 참 의혹뿐인 사안에 몰빵하고 국론을 분열시키고 있는 검찰은 조국장관 자택수색때 여검사 대동하여 사치품이라도 나오면 또 흘려 망신줄려고 했지만 없어서 실망이 많았겠소. 당장 본인들이 지금 무엇을 하고 있는지 생각해보시오.,0.13,0.16,99.71,긍정
자한당 쪽은 몇건씩 고소 고발 들어와도,0.05,0.18,99.77,긍정
자한당 하는짓거리가 다 그렇지.. 지지세력도 똑같지? ㅎㅎㅎㅎ,0.04,0.47,99.48,긍정
자한당 헛소리를 눈하나 깜짝 안하고 논리적으로 반박하는 모습보고 반했음 기대합니다,0.0,0.2,99.8,긍정
자한당 황교안으론 안된다. 그나마 똑똑하고 젊은 원회룡 세를 늘려 다음 대선 준비해야 가망성있다.,0.01,1.97,98.02,긍정
자한당 황씨는 탄핵당한 총리 아니였나? ㅋㅋ,0.27,6.91,92.81,긍정
자한당검찰이 조국을 팍팍 키워주는구나 ㅡㅡ;;;;;; 리스트에도 없었는데;;;;,0.03,0.37,99.6,긍정
자한당것들 싫어하지...,0.02,2.87,97.11,긍정
자한당것들은 뻔뻔하기 이를때가 없는데 왜 대통령에 이어 총리... 정부와 여당은 계속 사과를 하는가??? 짐승들에게 뭔 사과를... 알아듣지도 못하는걸,0.01,0.05,99.94,긍정
자한당것들은 뻔뻔하기 이를때가 없는데 왜 대통령에 이어 총리... 정부와 여당은 계속 사과를 하는가??? 짐승들에게 뭔 사과를... 알아듣지도 못하는걸,0.01,0.06,99.93,긍정
자한당과 검찰과의 모종의 거래가 있는지 의심스럽다.,45.44,1.64,52.92,긍정
자한당과 나씨에 대해서는  너무 ,6.04,6.47,87.48,긍정
자한당과 언론.검찰이 해야지?!!!,10.78,2.36,86.86,긍정
자한당과 언론.검찰이 해야지?!!!,16.57,11.89,71.53,긍정
자한당넘들 너희 수장 아베 빨아줘야지...,0.0,0.04,99.96,긍정
자한당놈들은 아직도 저러고있냐?  저런것들이 국민을 위한다고??   웃기고있네~~   니들은 없어져주는게   국민을  위한거다!!!,0.01,0.1,99.89,긍정
자한당놈들은 아직도 저러고있냐?  저런것들이 국민을 위한다고??   웃기고있네~~   니들은 없어져주는게   국민을  위한거다!!!,0.01,0.1,99.89,긍정
자한당도 싫지만 민주당도 똑같은것들!!! 다른당에서 저랬음 조국이가 머가 했을지 진짜 궁금!!! 입만 산 조국!!!,6.05,5.91,88.04,긍정
자한당만 없으면 평화로운 정치.,25.56,1.3,73.13,긍정
자한당만 없으면 평화로운 정치.,16.65,1.0,82.35,긍정
자한당미친소린 아예 무시해라,46.6,5.74,47.65,긍정
자한당에  힘 못쓰는 무능정부,0.04,0.15,99.8,긍정
자한당에 나경원 뿐이냐,0.06,1.48,98.46,긍정
자한당에 두루두루 원만하게 ,0.3,1.45,98.25,긍정
자한당에게 묻자 자발적으로 나온나온사람 몇명이나 되겠냐 집회 과정를 보면 30만명정도이고 그걸 300 만명으로 보도하고 개독교싸이비 종교서 참슥하고 ㅎㅎㅎ자한당 홈피 공문이 더웃긴다  국회의원당 100명씩 무조건 참슥시켜라 억어지로 나간 사람들이 알고 나가냐 일당받을려고 갔는거지 ㅎㅎㅎ참 태극부대도 만드는 인간들이 무슨 ㅎㅎㅎ,0.01,0.23,99.75,긍정
자한당에는 국썅 후보가 넘처흐른다~.,0.06,0.53,99.41,긍정
자한당에는 왜 이런 인재가 없을까?,0.01,0.07,99.92,긍정
자한당에서  토사구팽 될,0.01,0.16,99.83,긍정
자한당에서 대선 후보를 찾는다고...ㅉㅉ,0.04,1.29,98.67,긍정
자한당에서 백명이 나온들 이총리를 이길 수 있겠나...,0.01,42.32,57.67,긍정
자한당은 공을차도 똥볼만 찬다니까 조국 건들어서 조국을 자동빵으로 대권주자 반열에 올려주네ㅎㅎㅎ,0.02,0.61,99.37,긍정
자한당은 나경원과  함께 멸해라,0.03,0.36,99.62,긍정
자한당은 모하냐 이런 구라미터를 그냥 놔둘건가 왜 방송에서 아무말도 못하냐,0.02,0.13,99.85,긍정
자한당은 물타기 그만해라 ,0.01,0.64,99.35,긍정
자한당은 물타기 그만해라 ,0.02,0.89,99.1,긍정
자한당은 뭘해도 문제야 ㅋㅋ 폭력 성추행,0.0,0.08,99.91,긍정
자한당은 믿을수 없는 저들만의 리그당....,0.02,2.51,97.48,긍정
자한당은 믿을수 없는 저들만의 리그당....,0.02,3.89,96.1,긍정
자한당은 성추행당인가. 노인분들 동원하고 지방에서도 동원하고 자한당 내년에 3당된다,0.01,17.23,82.76,긍정
자한당은 손도 안대고 있는 것인가?,0.3,7.04,92.67,긍정
자한당은 스스로 망하겠지만,0.07,7.93,92.0,긍정
자한당은 언제 정신차릴래,0.03,1.39,98.58,긍정
자한당은 염치를 모른다 ,0.01,0.4,99.59,긍정
자한당은 이런 폭력집회 방조자들 아닌가?,3.66,19.68,76.66,긍정
자한당은 이상하다.,0.36,39.78,59.85,긍정
자한당은 절대 지지 하지 안는다... 그러다고 민주당도 지지하지 않는다. 새로운 새력이 나오기를 희망한다... 안철수에게 큰 기대를 했으나 ... 이제는 그도 빛이 발한것 같다. 차세대 리더가 필요하다,0.01,0.15,99.85,긍정
자한당은 절대로 안된다~~!!!!!,0.04,0.65,99.32,긍정
자한당은 조국 그만 울궈먹고 수사나 받아!!,0.01,0.22,99.77,긍정
자한당은 조국 그만 울궈먹고 수사나 받아!!,0.02,0.21,99.78,긍정
자한당은 죄송한짓 해놓고 잘못했다 결코 말하지 않잖아요! 모든걸 잘못하는 자한당은 자멸할 당,0.08,24.57,75.35,긍정
자한당은 치외 법귄지대 인가?,0.07,1.62,98.31,긍정
자한당은국민들에게석고대죄하고,0.01,1.68,98.31,긍정
자한당은국민들에게석고대죄하고,0.05,7.19,92.75,긍정
자한당을  두른  의혹들 ,0.53,3.06,96.41,긍정
자한당을 싹 쓸어 버려서 일본 아베에게 보내야한다,0.0,0.09,99.91,긍정
"자한당의 패스트트랙  및 각종  자녀입시 비리  수사 처벌, 공수처 설치 등으로 달래야 한다",0.06,0.31,99.63,긍정
"자한당의 패스트트랙  및 각종  자녀입시 비리  수사 처벌, 공수처 설치 등으로 달래야 한다",0.07,0.41,99.51,긍정
자한당의원들이나 그쪽 인사들은 범죄가 있어도 검찰은 본체만체 ,0.01,0.05,99.94,긍정
자한당이 검찰기소권과 수사권 보장해주니까,0.02,0.1,99.88,긍정
자한당이 나대는 이유를 정녕  모른단 말인가?,0.01,0.05,99.94,긍정
자한당이 너무 싫지만 지금 민주당 하는짓 때메 밀어줘야할듯,0.0,0.09,99.9,긍정
자한당이 또 작업칠까 무섭다,0.01,0.09,99.9,긍정
자한당이 의혹제기하고 언론이부풀리고 검찰이 이잡듯 수사를 해도 밝혀진게 없다.,0.07,0.1,99.84,긍정
자한당이 의혹제기하고 언론이부풀리고 검찰이 이잡듯 수사를 해도 밝혀진게 없다.,0.44,0.21,99.34,긍정
자한당이 저랬어봐 탄핵하자고 좌표찍고 대깨문 맘벌레패당들 들고일어났지,0.02,0.11,99.87,긍정
자한당하고 아무 상관없이 국민들이 답답한 마음에 나온 집회다. 무거운 마음으로 받아들이고 국민들에게 답해야 할것이다. 그리고 박근혜석방 이딴거 들고 나오는 인간들이랑 묶지말아라. 자한당 너네들하고도 다르다. 아무상관 없는 국민들까지 싸잡아서 너네랑 같다고 판단하지 말아라.,0.02,0.04,99.94,긍정
저 가증스런 모습이 대한민국 총리란 말인가,0.11,48.99,50.9,긍정
저걸총리라고,0.22,25.8,73.98,긍정
저것도 총리라고...ㅉㅉ 개나 소나 총리고 장관이네!,9.4,7.88,82.73,긍정
저기. 덴노 즉위식에는 문재인이 가고 아베 행사때는 이낙연이 가줘야 클라스가 맞지 않겠냐?,0.01,37.14,62.85,긍정
저런게 쿡무총리라고....국민 위에 굴림 하겠다? 아주 3족을 멸해 주리라!,33.04,0.91,66.05,긍정
저런삼류가  총리였나!!,1.83,16.58,81.59,긍정
적폐언론이 이제 총선 대비해 이해찬 당대표와 다음 대선 예비주자 중 압도적1위인 이낙연 총리 흔들기 들어가는구나.,0.05,18.26,81.69,긍정
전 ㄹ ㅏ 도. 총리. 갱상도. ㄷㅐ통령,35.39,27.37,37.24,긍정
전라도만 입질하는 이낙연 !  꿈깨라.,0.35,14.5,85.15,긍정
전라도지만 문재인 및  민주당이 잘못한거 맞다,0.01,10.23,89.76,긍정
전례의 적패들은 따지고  강압적인건 전례찾고  이낙연 당신도 깜이 않돼!!!!   닥치고 내려와  거기서!!!!,9.41,0.66,89.93,긍정
전범자식 행사에 뭔 총리가 가냐 동사무소 직원하나 보내면 되지 ㅜㅜ,0.4,46.7,52.9,긍정
절대 자한당이 대안이 될수는없다 그들이 기득권 지키기 정당이란건 국민이 다 안다,35.84,1.74,62.42,긍정
절대 자한당이 대안이 될수는없다 그들이 기득권 지키기 정당이란건 국민이 다 안다,35.84,1.74,62.42,긍정
절라도는 이낙연 조국 오예 !,1.62,33.72,64.67,긍정
점잖으시고 품위는 일등 이낙연 총리,0.0,20.2,79.8,긍정
젓쭝똥,14.62,14.13,71.24,긍정
정권 바뀌면 문재인 빨았던 회사들 전부 조사들어가자,0.46,0.46,99.08,긍정
정말로 존경. 말 한마디 함부로 안하는 총리님.,0.38,5.64,93.99,긍정
정말로 존경. 말 한마디 함부로 안하는 총리님.,0.58,12.2,87.22,긍정
정세균 총리 이낙연 종로가면 되네,0.0,22.33,77.67,긍정
정은딱갈리 문죄인 순사 나리 만세,10.97,39.14,49.9,긍정
정적숙청용 '공수처법'을 밀어붙이기 위한,43.01,0.32,56.68,긍정
정치 백단인 내가 보기엔 차기 대통령은 이낙연임이 이미 못박았다.,8.33,4.9,86.77,긍정
정치검찰,39.15,18.39,42.46,긍정
제목수정좀 아베총리-이낙연씨 면담시작으로 수정부탁,0.01,45.42,54.58,긍정
조 국 과 문재인 이가 사과 해야지,6.14,17.76,76.1,긍정
조 국 과 문재인 이가 사과 해야지,1.63,20.67,77.7,긍정
조같은 이낙연~~!!,0.04,16.26,83.69,긍정
조국 장난하냐 진짜 OOO 많네 OOO들 이낙연 황교안 그렇다 쳐 국정 경험 있으니까. 조국은 ㅅㅂ 무슨 얼빠들도 아니고 장난빠나 진짜,1.13,31.46,67.41,긍정
조국=이낙연=청와대,0.79,44.43,54.78,긍정
"조국대신 이낙연인가.그렇게 떠들면서 칭찬하든 조국이 불쌍하다.부산 출마를 권유하든 민주당부산시당도 요즈음은 모로쇠로 잠잠하네.이러다가 대타로 이낙연을 찾은것이다.그런데 누가 총리를하려고 나설까.이제 내리막길을 탄 정권에서,총리라면서도 청와대의 참모들이 설지는것을 눈치봐야하는 자리아니냐",8.0,42.86,49.14,긍정
"조국대처사태 보면 이낙연은 아니다. 문빠,절라도 표만 가지고는 패배다.  김진표가 총리감이다.",0.11,32.47,67.43,긍정
조국도 조국이지만 황교안?,17.28,29.34,53.37,긍정
조국은 문제없다고 강변하는 문재인이 바라는 바겠지!!!!,13.87,7.6,78.53,긍정
조국의 연가시 문재인 놈은 친일갈라치기 그만 두고 갈가리  찢겨 죽으라!,40.78,4.27,54.95,긍정
조국의 연가시 문재인 놈은 친일갈라치기 그만 두고 갈가리  찢겨 죽으라!,18.55,5.97,75.48,긍정
조국자택수사때 여자 2명만있는집에 남자검찰수사관이 11시간동안 러쩌구저쩌구 떠들었는데 알고보니 정경심변호사도 몇명있었다며... 식사도 먼저 하자고 했다며... 가짜뉴스 퍼트린 이낙연총리 본인은 어쩔건데???,0.02,41.72,58.27,긍정
족까고 있네. 총리가 맞나?,0.36,19.94,79.7,긍정
조국을 버린 이낙연.이제 당신도 아웃,43.07,0.34,56.59,긍정
좀 조용히 해주실래요 이낙연씨 하루만에 개혁안 내놨잖아요 본인 생각은 전혀없는 앵무새주제에,0.5,4.13,95.37,긍정
좋은 기사네요. 공정에 대한 정의를 몸소 겪고 실천하신 총리님께 요즘 기자들이 배워야해요.,0.16,25.69,74.15,긍정
좋은 기사네요. 공정에 대한 정의를 몸소 겪고 실천하신 총리님께 요즘 기자들이 배워야해요.,0.06,35.68,64.26,긍정
좌충우돌,30.18,27.48,42.35,긍정
좌파넘들에게도 똑같이 엄벌해라! 공명정대하게 총리 시바,0.04,41.21,58.75,긍정
좌파논리 따지면   이낙연 총리도  토착왜구가  되는 가요,0.0,33.46,66.54,긍정
좌파대통령 허수아비 총리  사기꾼 조국,0.35,31.89,67.76,긍정
죄앙.총리.외교.체육장관,32.2,20.28,47.52,긍정
주목할 것 있나?  복지부동의 총리가 최장수를 했다는것이 무슨 의미가 있겠어?  대통령이란 자가 이렇게 고집불통이면 총리가 국민을 대신하여 직언하고 회초리역할도 했어야지...,0.03,46.15,53.82,긍정
증권가에서는  이낙연동생    남선 알미늄  문제가 많다는데,3.5,45.05,51.45,긍정
지금 그런 사소한게 문제냐? 문재인 민주당 정치좀 똑바로해라 조국같은 쓰레기 간신배위선자는 멀리해라 문재인 민주당 지지자들 요새 쪽팔려서 고개들기도 뭐하다.,0.53,18.9,80.57,긍정
지금 다 낙마고 이낙연이 살아남으니 그렇지만  저는 이분도 대권에늣 너무 약하고 다시 민주당에 맡기기 나라가 조금 불안합니다 무슨 헉명가 집단들 같아요,9.86,43.53,46.62,긍정
지금 문재인대통령은 모친상 중인데,1.77,29.53,68.7,긍정
지역구 출마 적극 지지한다,7.37,14.04,78.6,긍정
지편이면 민심   이낙연도 아웃,2.66,12.16,85.17,긍정
"진보 ,민주당  유시민 김부겸 김두관  마지막으로 이총리에게 실망합니다",8.6,4.02,87.38,긍정
진정한 총리 다우신분이다..자힌당 애들아 본받아라,2.17,7.11,90.72,긍정
진짜 세상좋아졌네 저런인간이 총리가되고ㅡㅡ,26.17,5.09,68.73,긍정
진짜 역대급 무능한 총리로 기억될듯 그리고 국민들은 당신이 총리인사실조차 모를듯.. 존재감 제로..,0.62,41.41,57.97,긍정
진짜 이낙연까지 물들엇구나 문재인정권 대단하다 야네는 진짜 내로남불이다 나도 한나라당도 싫지만  너넨 진짜싫다 멍청한것들,0.11,38.28,61.6,긍정
집권 민주당이 여당이 맞나 싶을 정도로,0.21,38.13,61.67,긍정
ㅉㅉ 자한당,0.01,7.03,92.96,긍정
ㅉㅉ 자한당,0.01,7.03,92.96,긍정
쪽바리 알바들이 발광하네 이낙연 총리님 항상  응원합니다!,0.01,1.69,98.31,긍정
차기 대통령  이낙연..,1.1,34.21,64.69,긍정
차기 대통령은 누가 뭐래도 이낙연 총리님!!,0.0,4.97,95.02,긍정
차기 대통령은 당연히 이낙연,0.02,17.55,82.43,긍정
차기 이총리외에 경쟁자가 없음,30.01,0.92,69.07,긍정
차기 총리는 청문회 결격사유 없는사람 골라도 없을텐데~~,15.82,5.66,78.52,긍정
차기 총리로는  조국이 적격이죠..이주 잘 할것입니다.,6.52,28.58,64.9,긍정
차기 총리후보를 잡아서 또 조국 전 장관처럼 물고 뜯으려고 온갖 짓을 다 하겠지?,5.25,2.27,92.48,긍정
차기대통령  이낙연....,0.26,26.21,73.53,긍정
차기대통령 이낙연총리~,0.0,49.42,50.57,긍정
차기대통령 이낙연총리~,0.0,49.42,50.57,긍정
차라리 문죄인 내려오고 이낙연이 대통령 해라,1.43,41.89,56.68,긍정
차라리 이낙연 총리처럼 자기 할일에 최선을 다하는게 옳다,0.0,8.59,91.41,긍정
차라리 전라공화국 ,33.65,23.0,43.35,긍정
차별대우한다,2.36,15.32,82.33,긍정
찬일파 이낙연총리.,0.0,32.87,67.13,긍정
참 우리나라엔 인물이 없어도 너무없다. 이낙연 대통령? ㅋㅋㅋㅋ,0.12,37.97,61.91,긍정
"참,그러네요.총리로있자니,그렇고, 민주당대표로가자니,내년총선에서 분명히 필패하테니,책임추궁당할거고~참 난감하겠네요.총리님!!!""'.",0.02,43.45,56.53,긍정
참보수 이낙연 총리님,0.0,26.18,73.82,긍정
참으로 놀랍다 이 정부가 이런 집단인 줄이야 ~~~이낙연까지 끝으로 가는 군,0.39,17.87,81.74,긍정
참잘했어요... 기생충 정권 총리님 ㅋㅋㅋ,0.23,25.37,74.41,긍정
채널A가 이낙연총리를 띄워주는 음흉한 꼼수가 있다,0.01,12.51,87.48,긍정
초지일관 염치를 아는 총리님을 기대합니다.,1.81,8.15,90.05,긍정
총리 --⟩ 차기대통령,0.0,1.75,98.25,긍정
총리 고생호시네,0.0,12.0,88.0,긍정
총리 색귀가 할말이여~? 독재국가 북괴뢰 총리인가~? 문꼴통이 한마디하면~ 납짝 기어다니라는게~!!,0.0,25.73,74.27,긍정
총리 완벽히 수행하시고 다음 차기대권도 지지합니다!!!!!!,0.0,2.57,97.43,긍정
총리 중 가장 마음에 듦. ^^,0.0,6.54,93.45,긍정
총리가  간섭하고,0.0,35.84,64.16,긍정
총리가 많은 역할을 하고 있구나를 알게 한 분이다,0.0,24.38,75.62,긍정
총리가 총리보고 각하라네,0.0,3.68,96.32,긍정
총리가가,0.0,40.97,59.03,긍정
총리가가,0.0,49.64,50.36,긍정
총리는 좋다...,0.01,11.81,88.19,긍정
총리님,0.0,22.2,77.8,긍정
총리님,0.0,22.2,77.8,긍정
총리님,0.0,22.2,77.8,긍정
총리님,0.0,22.2,77.8,긍정
총리님,0.0,22.2,77.8,긍정
총리님 ,0.0,41.66,58.34,긍정
총리님  통쾌한 말씀넘감사합니다   존경합니다   화이팅 입니다   건강하세요,0.0,2.3,97.7,긍정
총리님  화이팅.,0.0,10.69,89.31,긍정
총리님 감사합니다!,0.0,1.66,98.34,긍정
총리님 고생많으십니다... 짠하네요..,0.0,6.13,93.87,긍정
총리님 너무멋지시고~~,0.0,3.15,96.85,긍정
총리님 대권 전까지 지켜주세요~~,0.0,19.12,80.88,긍정
