👍👍👍👍👍👍👍,32.76,25.52,41.72,긍정
😀😀😄😀😄,38.98,20.24,40.78,긍정
5년 총리하시고,10.38,39.54,50.08,긍정
가짓말하는 총리도 전례없다,24.25,27.34,48.41,긍정
감사 똑바로 해주십시오~~!!!! 국민들이 지켜보고 있을껍니다~!!!,47.07,0.62,52.31,긍정
"감사, 감찰, 특별위원등으로 장차관들 몽땅 종석이 시민이 종철 현민등 버닝썬 관련자들 다 조사하라? 촛불들아~~~~?",46.38,1.45,52.17,긍정
감사가  아니라  특검  !!!!!!!!!,31.4,0.52,68.08,긍정
감사가 아니고 수사를 해야하는데 개검이 뭉개고 있으니 문제임,28.57,0.72,70.71,긍정
감사가 아니라 특검이던 검찰이던 누구하나는 움직여야 정상아닌가요????,48.16,0.56,51.28,긍정
감사끝내고 ,15.41,5.87,78.72,긍정
감사를 할게 아니라  경찰수사를 하시오,41.23,0.63,58.14,긍정
감사만할게 아니라 특검사즈아,33.92,0.38,65.71,긍정
감사뿐먼 아니라 수사 의뢰해야지요,43.29,0.74,55.97,긍정
감사정도가 아니고 특검으로 다 파헤쳐야죠.. ㅠㅠ 왜이렇게 관대하냐구요,42.01,0.5,57.49,긍정
감사하고,5.45,7.8,86.75,긍정
감사하고.......그담 조사하고......그담  구속하고........,14.95,0.45,84.6,긍정
감사하지요,5.45,7.8,86.75,긍정
감사할라@@@@@@@@,3.06,8.28,88.66,긍정
감사합니다,5.45,7.8,86.75,긍정
감사합니다 총리님,0.07,28.95,70.98,긍정
감사합니다 총리님,0.07,28.95,70.98,긍정
감사합니다.,4.91,9.59,85.5,긍정
감사해서   살인죄가  나와도,3.2,0.64,96.15,긍정
감사해서 불법이 발혀지면,16.93,1.79,81.27,긍정
감사해서 비위사실 나타나면 즉시 검찰에 고밠내라,6.67,0.47,92.86,긍정
갠한 힘쓰지마시고..,37.75,21.38,40.86,긍정
검찰 자한당 소속인가?? 왜 수사를 않해?? 궁금 좋아요 함 가보자,18.89,14.46,66.65,긍정
검찰개혁 꼭 하시도록 응원과 지지를 열심히 보낼겁니다!,26.91,17.83,55.26,긍정
겸손하고.  계속 민주당바로잡아주시고.,15.91,33.17,50.93,긍정
겸손하고.  계속 민주당바로잡아주시고.,20.56,29.16,50.28,긍정
겸손한  문재인  대통령님  ,3.33,31.41,65.26,긍정
고맙다.. 황교안.. 다음대선에는 꼭 니가 나와라..  폭망 부탁한다.,4.6,9.17,86.23,긍정
고맙습니다,10.37,20.69,68.94,긍정
고맙습니다 ,9.69,27.96,62.35,긍정
고품격 대화센스 내장된 이낙연 총리님! ,2.29,46.24,51.47,긍정
공,29.06,32.18,38.76,긍정
과묵,28.25,25.78,45.97,긍정
과연 총리로서그렇게 밖에,22.25,22.99,54.76,긍정
교육입시,32.95,30.37,36.68,긍정
국정원,25.3,33.5,41.2,긍정
굿굿 간만에 속이 시원하네요. 총리님처럼 하셔야합니다. 기죽지 마라   민주당 화이팅.,6.98,32.74,60.28,긍정
그나마 안전해보이는 이낙연 총리를 밀어주는 듯,11.04,38.45,50.51,긍정
그나마 총리 하나는 괜찮은 사람인것 같다,20.82,13.23,65.95,긍정
그동안 이낙연이 보고 호남인심 80%여ㅕㅆ지...,2.8,13.88,83.32,긍정
그래도 멋지십니다.,19.28,20.66,60.06,긍정
그래도 이낙연은 양심은 있네. 양쪽에서 욕먹더라도 나라에 도움이 되는 일을 하니. 그 위에 삶은 소대가리1새77ㅣ보다는 니가 훨씬 낫다.,26.32,15.34,58.34,긍정
그래도 항상 든든하십니다,29.81,19.76,50.43,긍정
그런데 문재인대통령께서 새롭게 시작한일 너무많고 중요합니다.,12.74,37.83,49.43,긍정
그리고   힘내세요 ,9.3,21.3,69.39,긍정
글쎄요 총리가 지금것  뭘했는가  당채 기억에아무것두  없네잉 제천화재 강원화재 국민들  후속처리는  어찌되엇는가? 총리에게  묻지않을수있나,30.4,9.58,60.01,긍정
글치! 자한당것들 집회클라쓰가 글치!! 폭력에 성추행은또머여??ㅎㅎ,29.07,21.69,49.23,긍정
그리고 이낙연 총리는  진정한 보수주의자다.,0.46,42.42,57.12,긍정
극일하고,20.21,28.36,51.43,긍정
글구 이낙연도 싫어.,1.33,43.96,54.71,긍정
기준입니다.,25.64,19.03,55.33,긍정
김석기 자한당 위원은 약자를 죽임으로 마무리한 용산사태 경찰 책임자 아닌가,5.79,15.19,79.02,긍정
김석기 자한당 위원은 약자를 죽임으로 마무리한 용산사태 경찰 책임자 아닌가,2.79,4.83,92.39,긍정
김진표 총리 앉히고 이낙연 당으로 보내 이해찬 흔들고... 이야... 아주 일타쌍피네? 속이 너무 훤히 들여다보이지 않니?,37.57,21.63,40.8,긍정
까부는거야,34.27,29.88,35.85,긍정
꼭,31.91,10.31,57.77,긍정
꼭  밝히길 바랍니다!!!,20.04,25.04,54.91,긍정
꼭 밝혀주세요,40.99,5.79,53.22,긍정
꼭 총리 옆자리에 여성 경찰을 앉혀야 했냐?,0.26,2.9,96.84,긍정
꼭 특검하자,35.53,8.84,55.64,긍정
꼭 하기를,37.81,8.08,54.11,긍정
꼭두 각시 총리 뛰우 기에 나서는 좌빨들,11.24,28.7,60.05,긍정
꼭하세요,37.81,8.08,54.11,긍정
끝까지 파헤쳐라,42.5,5.75,51.75,긍정
끝까지 함께 하겠습니다~화이팅하세요^^,14.48,32.54,52.98,긍정
끝으로  조국가족은 지금도 짐승들에게 뜯기고 있다. 이데로 둔다면 촛불민심은 돌아설 것이다.,23.63,2.97,73.39,긍정
끼들,25.68,33.41,40.91,긍정
나경원 꼭 감사해라..황교활도,41.79,12.18,46.03,긍정
나베,23.66,31.74,44.59,긍정
나한당은 언제쯤 수사대상이 될까나~~~,27.6,7.7,64.7,긍정
낙베,32.15,31.38,36.47,긍정
낙베,19.7,38.46,41.83,긍정
낙베,26.34,33.11,40.55,긍정
낙베~~,34.76,27.59,37.66,긍정
낙연씨 ,29.99,34.86,35.14,긍정
낙연아,19.79,37.65,42.56,긍정
낙연이오빠멋져부러요💕💕,6.69,39.5,53.81,긍정
난 총리님 청문회때 야당원들에게 주문 받아 답하실때 어찌나 잘하셨는지,22.87,24.18,52.95,긍정
내로남불이네요!!!  정말이지  이번정권 무섭네요!!,33.43,29.96,36.61,긍정
너무 겸손하면,16.19,8.23,75.59,긍정
너무 겸손하면,16.19,8.23,75.59,긍정
너무 늦다 빨리 수사 해라.,24.64,0.76,74.6,긍정
너무 멋있는 분! 멀 하시든 믿습니다,2.5,21.13,76.37,긍정
너무 민주적인 정부. 이명박느네때처럼  그냥 물대포로 조져야 되는데. 나라다운 나라 만들기 참 어렵다,21.77,0.8,77.43,긍정
너무 불공평하다.  ,26.31,10.25,63.45,긍정
너무 뻔뻔해서 기가 막힌다. 도대체 외면하고 싶은 건가? 대다수의 중도층 국민이 등을 돌리게 만드시네... 기준이 같아야지... 저렇게 구린 구석이 많은 장관을 그것도 법무부 장관에 앉혀놓고 대다수의 국민들 목소리는 외면하고 무엇을 위한 정치를 하겠다는건지..,12.81,1.43,85.76,긍정
너무 잘못한것도 없으면서 죄송하다 남발하지 마세요.,47.93,0.94,51.12,긍정
너무 좋습니다!!!,45.15,6.96,47.89,긍정
너무 편파수사가 눈에 보일정도로 심합니다 야당의원들의 수사는 덮어놓고  상대쪽은 말 떨어지기가 무섭게 수사에 착수하고 진정 이게 법과원칙을 말하는공정한 검찰입니까? 자한당과 짜고 하지않는한 정말이럴수는없습니다 그래서 국민들이 하루빨리 공수처 설치를 원하고 있는겁니다,40.31,0.42,59.27,긍정
너무 편파적이지 않나 총리라는 사람이,23.83,1.4,74.76,긍정
너무당연한말씀이속보라니 ㅋㅋㅋ 개검찰개혁하자는건 너무나 당연한것  기레기는 총리님이 반댈줄알았나베 ㅋㅋ,26.0,0.69,73.31,긍정
너무들하네총리까지나서서~~~이래서야쯔쯧,9.04,3.79,87.17,긍정
너무무능해.   에라이ㅡㅡㅡㅡ,30.19,0.67,69.14,긍정
너무무능해.   에라이ㅡㅡㅡㅡ,31.0,0.64,68.36,긍정
누군가의 죄는 죄가 되지않는다는 것을,28.39,4.97,66.64,긍정
늘 존경해 왔지만 또 감동입니다,9.65,22.32,68.04,긍정
늘 하시는 말씀 들으면 속이 다시원!!!!,33.81,5.62,60.57,긍정
다,10.09,30.44,59.47,긍정
다 꺼지고,22.7,19.71,57.6,긍정
다 쑈였어,8.39,28.65,62.96,긍정
다 아는 원론인데 법 은 만인앞에 평등하다!,40.29,8.8,50.91,긍정
다 아웃!!!,35.98,23.62,40.41,긍정
다 잘못되었다고만 볼수는  없다 .,28.56,7.14,64.29,긍정
다들 국민과 싸우겠다는 자세로 전환한듯,45.58,8.7,45.72,긍정
다들 왜 그래 검찰이 조사해야지 풀러줄라고 생쇼를 하네 또 문재인이 시켰냐 ♩~아,41.68,13.57,44.76,긍정
다선을 중심으로 당권을 장악하고,34.44,29.69,35.87,긍정
다잡아들여주세요.,18.06,25.04,56.9,긍정
닥치시오!,25.22,33.56,41.21,긍정
"단순히 학종 존치한 채, ",25.24,22.72,52.04,긍정
당당히 맞서라~~영원한 불매운동 응원한다,5.78,41.89,52.33,긍정
당신은 정말 젠틀맨. 이십니다. 존경합니다..,32.69,21.55,45.76,긍정
당신은 정말 젠틀맨. 이십니다. 존경합니다..,19.29,27.06,53.65,긍정
당연하지 자한당 헛물켜지 말아라,43.63,11.36,45.01,긍정
대단하고 존경합니다.,26.26,13.46,60.28,긍정
대독총리인가?,37.39,20.01,42.6,긍정
대독총리인가?,25.27,19.67,55.06,긍정
대체 이낙연이 얼굴마담 외에 한게 뭐냐??ㅋㅋㅋㅋ,17.95,16.28,65.77,긍정
대한민국 이낙연총리님  국민의목소리에 대해서는 입장없으세요?,0.42,35.15,64.42,긍정
더런 문재인 쌕히들...,14.1,41.87,44.03,긍정
더불 적폐세력들이 아주 발악하는 구먼,0.06,30.77,69.17,긍정
더불당  좌파들은 절대로 안된다,0.03,36.43,63.54,긍정
더불당 퇴착왜구 아부 쩔더만,0.01,49.77,50.22,긍정
더불어,0.07,45.86,54.06,긍정
더불어 공산당은 하루빨리 해체하면 된다. 조국수호로 국민을 개돼지 취급하는 정당은 생존할수 없다  이게 나라냐 ?,0.01,20.9,79.09,긍정
더불어 터진당ㆍ더불어 간강당ㆍ더불어 위조당ㆍ더불어 패륜당ㆍ더불어 왜구당ㆍ더불어 공산당ㆍ더불어 거짓당ᆢ또 뭐 있냐?  최악이다 ᆢ퉷ᆢ!!!,0.31,40.94,58.75,긍정
더불어 토종 공산당놈들아 !!,0.0,41.74,58.26,긍정
더불어건방진똥덩어리당  더불어가짜뉴스당  더불어음해당,0.11,43.86,56.03,긍정
더불어공산당 들 진짜 너무하네...,0.0,17.64,82.36,긍정
더불어공산당 좌빨당원들 정말 적국인 북한을 위해 애국하느라고 열심히들 사는 모습 정말 눈물겹다 ㅋ,0.0,18.35,81.65,긍정
더불어공산당 쳐부수자,0.0,20.24,79.76,긍정
더불어공산당...,0.0,24.72,75.28,긍정
더불어공산당은 금태섭의원만빼고 하나같이 재수없고 구역질나는것들이다 다 뒈.져 버렸으면 금태섭의원 빼고,0.0,17.46,82.54,긍정
더불어공산당은 이제 다 똑같아 보임..,0.0,15.7,84.3,긍정
더불어당의 다른 여러 대선후보들은 죄다 헛다리 짚은거고 이미 후보는 정해진 것 아닌가? 조국으로~~~,0.28,30.7,69.02,긍정
더불어미친당  .   니들  죄받는다.   참가  국민을  개돼지로  봤구나   국민을  섬겨?  엎어 씌우지나  말아라.  참가한  사람  다  조지면  무서워  안갈 줄 알고 . 에라  똥덩어리들아,0.12,43.95,55.93,긍정
더불어민주당 ,0.0,48.23,51.77,긍정
더불어민주당 이라는 콩가루 정당 이니까!,0.0,45.26,54.74,긍정
더불어식 표현이면 ㅡ 토착왜구였어?,0.08,43.23,56.7,긍정
더불어왜구가...???,0.1,36.66,63.24,긍정
더불어왜구당,0.28,29.92,69.8,긍정
더불어전라당은 향후 50년정도는 대권힘들거다................국민들이 그 민낯을 너무 봐왔기에,0.12,40.64,59.24,긍정
더불에 있는  빨갱이들 싹다 잡아처넣어라,0.01,13.78,86.21,긍정
덕분에 이번 집회에 참가못했는데. 다음집회에는 꼭 침석하려고 합니다. 없던 애국심이 불타오르네요. 이낙연총리 당신도 똑같네. 다 한통속 똑같은 놈들이었네. 당신들 몇년이 지나도 절대 안뽑습니다!!,39.18,4.34,56.48,긍정
데려다가,34.51,27.77,37.71,긍정
데일리안 자한당 밀어주고 싶어 안달이다,11.62,16.59,71.79,긍정
도지사,29.85,33.21,36.94,긍정
도지사,26.21,33.34,40.44,긍정
두분 정말 존경합니다~,3.22,29.82,66.96,긍정
드뎌 이낙연이도  빨갱이가 되어가네요 ㅠㅠㅠ,11.7,25.1,63.2,긍정
든든한 총리가 존재하니 걱정할 필요가  없군,0.14,1.68,98.18,긍정
든든합니다,13.51,11.51,74.98,긍정
든든합니다.,15.13,12.48,72.4,긍정
또 민주당을  뽑는인간들은 나라를 망치려는길목이다 완전전나도인간들이 도배를했다 정치도다골고루섞어서 해야돼는대 완전전라도 사람들이많은거같다이낙훈이도 또같은 전라도 사람이다 다음에는 서울경기 경북충청도 사람들이  말이나와야됄거가따그래야 정치가제대로돌아갈것같다,34.1,23.15,42.75,긍정
또 자한당 ㅆ 것들 ♩♩♪♪♬♬하겠구만 ㅋ,32.13,10.46,57.41,긍정
라도 총리 잘한다.,11.06,38.34,50.6,긍정
마음속 늘 존경합니다,23.99,22.32,53.69,긍정
마주할것다,33.92,28.3,37.79,긍정
만약 이낙연이 대통령,10.28,37.01,52.72,긍정
만약 이낙연이 출마하면 전라도에서는 몰표가 나오면서 TK와PK에서는 전멸인것이다,2.83,35.9,61.27,긍정
멋있는  두분★★★,4.93,28.86,66.22,긍정
멋있는  두분★★★,14.81,17.24,67.95,긍정
멋있어요,12.14,17.16,70.7,긍정
멋있음,12.14,17.16,70.7,긍정
멋지다 조작미터 ㅎㅎ,4.52,1.03,94.45,긍정
멋지세요,1.86,9.54,88.6,긍정
멋지세요,1.86,9.54,88.6,긍정
멋지십니다..갑시다~~~대선~~~~,0.77,0.63,98.61,긍정
멋지십니다^^,0.49,12.31,87.21,긍정
멋지십니다~ 다만 서울대출신이라는게 걸리는 이유가 뭘까,0.35,0.81,98.85,긍정
멋진 국무총리 다.,1.24,16.91,81.85,긍정
"멋진 사람,정치인,모범적인 행보",9.94,15.99,74.07,긍정
멍청한 문재인이 쪽발이들한테 쫄았나보다. ㅂㅅ~,5.95,27.68,66.38,긍정
모두 화이팅 합시다~,22.12,12.75,65.13,긍정
모처럼  멋진기사입니다,32.88,21.62,45.49,긍정
못하고 있음.,31.73,20.06,48.21,긍정
못하고 있음.,31.73,20.06,48.21,긍정
못한 놈들아,13.55,1.38,85.07,긍정
무능한 총리가 뭔 사과인가?,9.89,1.97,88.14,긍정
무능한 총리가 뭔 사과인가?,9.89,1.97,88.14,긍정
"무식한 자한당 무리들.  폭력은 기본, 입만 열면  거짓말.   나라 망칠  넘들",35.7,10.09,54.21,긍정
무한 응원하고 지지합니다,9.6,16.45,73.94,긍정
문재인 대왕마마 나셨네~ 내시 이낙연 애쓰십니다!수고!,0.03,34.88,65.08,긍정
문재인 대통령님 이낙연 총리님 지지합니다 💙❤️💙❤️,0.04,34.15,65.81,긍정
문재인 대통령님!이낙연 총리 님!,0.04,31.56,68.41,긍정
문재인 한 개인으로는 평소 안면 있던 지인들과 대면하는 것을 조문 여부를 떠나 어찌 마다하겠습니까?,0.1,48.36,51.54,긍정
문재인과  민주당 그리고  좌파  언론들   광화문  집회보고   정신  차릴 생각않고     흠집내기나 하고 있다  .  이것들 사람새크들도  아니다  !!!,0.11,49.93,49.97,긍정
문재인과 같이 하야 사퇴해라,0.29,47.88,51.83,긍정
문재인과 같이 하야 사퇴해라,0.29,47.88,51.83,긍정
"문재인과 만난 SM그룹 우씨, 박근혜대통령이 이재용만났다고 지롤하더니 문재인은 SM그룹 우씨를 3번씩이나 해외순방에 대려갔구, 3년만에 매줄 2천억 회사가 8조가 넘어요. 유착관계가 없이는 이런 급성장은 말도 안되죠. 회장은 전문가도 아니고 보험만 했다는디 건설 해운을 거의 다 척억겠던데 윤총장님 탈탈털어주세요. 거기 이낙연총리 동생도 있고, 뮨재인 동생도 있답니다. 신의한수 참조",0.25,46.62,53.12,긍정
문재인과 조국 다 쫒아냅시다 !!,0.45,47.5,52.05,긍정
문재인대통령님  이낙연 총리님  사랑합니다,0.04,37.29,62.67,긍정
문재인대통령님.지지합니다,0.33,30.62,69.05,긍정
문재인의 사과,0.02,47.54,52.44,긍정
문재인의 사과,0.02,47.54,52.44,긍정
문재인의 서신은 거들떠도 안보고 한국보고 태도변화 없으면 안 만나준다고 팽 당했으면서!!,0.07,45.18,54.76,긍정
문재인이 똥싼거 이낙연이 뒷수습하느라 고생이많네,0.11,48.14,51.75,긍정
문재인하고 똑 같네~~절대 이분지지x,0.01,48.16,51.83,긍정
문죄인 입니다,33.43,18.97,47.59,긍정
문체부 감사보다 검찰 위에서 노는 나경원 특검이 답이다,14.0,29.74,56.26,긍정
문체부 힘내라!!,29.14,13.49,57.37,긍정
민주당 붉은무리 공산당입니다,0.05,33.01,66.94,긍정
민주당은 뭐하고 이낙연 총리만,0.09,45.75,54.16,긍정
믿는 자와 세상 우상은 조화할 수 없다고 말씀하신 하나님의 말씀이 참입니다. ,18.59,31.91,49.49,긍정
믿음직스럽고 영어 일어 잘하지 군대도 미 카추사출신에 서울대 법학을전공 하고 말도 유창하게 잘하지 역대 이런 유능한 총리는 없었다..이낙연총리 존경합니다.,3.99,44.62,51.39,긍정
박지* 연락할예정입니다~~,33.55,30.12,36.33,긍정
반드시 이낙연 찍는다,10.05,20.47,69.48,긍정
반일하고,29.89,21.62,48.48,긍정
받아야 된다는 총리님 답변이 명답입니다,29.26,28.44,42.3,긍정
변호사 문재인 사무장인느낌,25.13,23.75,51.12,긍정
병역기피 황교안이 대선후보 2위?? ㅋㅋ,16.74,32.58,50.68,긍정
병풍총리 꿈도 크다 좃국 아니었면 너도 망신 당했을꺼다,1.34,27.65,71.01,긍정
본질흐리지말고 문재인 조국 정경심 정경두 이낙연 유시민 이해찬 공지영 임종석 안민석 손혜원 심상정 OUT,21.16,30.11,48.73,긍정
부드러운 카리스마 이낙연 총리님 파이팅,0.4,47.13,52.46,긍정
부쩍 총리뉴스가 많네,6.31,36.14,57.55,긍정
불러다 앉혀놓고,35.82,8.88,55.3,긍정
사이다~^^,41.12,13.28,45.6,긍정
상중에서도ㅜㅜ 문재인 대통령 존경합니다,9.85,40.56,49.59,긍정
성추행과 폭행은 더불어 민주당~~더듬어 민주당??,0.67,42.62,56.71,긍정
솔직히 이낙연이 이정부들어서 변명말고 한게 뭐가 있냐? 일본가서도 제대로 못하고 역대 최대산불 난거 인명피해 별로 없다고 가서 실드치고 변명하고 ㅉㅉ 변명하는 사람을 절대 발전없다..잘못을 인정해야 반성도 하고 성장도 하는거지 ㅉㅉ,43.35,8.69,47.95,긍정
수고 했어요.조국씨 30프로 나올줄 알았는데 서초도 법원앞 시위  200만명 이라면서  그정도면 이낙연의원 보다 앞서는것 아닌가. 리얼이터는 다른 여론 조사기관과 큰차이가 날까.,24.87,0.44,74.68,긍정
수고하셨습니다!,28.47,10.46,61.08,긍정
수고하셨습니다~~,23.31,13.01,63.68,긍정
수고했소.,39.24,8.05,52.7,긍정
"스타일도 멋지고,",23.24,29.75,47.02,긍정
심핀하자 황교안은 군대도 안간 인간이다,9.26,27.27,63.47,긍정
쓸모없는,31.16,31.72,37.12,긍정
아니예요..  국무총리님  너무 멋지셔요^^,15.47,33.39,51.14,긍정
아베총리각하라 부른 사람을 대통령각하라고는 몬하겠다,34.45,27.2,38.35,긍정
아싸   황교활  2등   1등가자    황교활이  대통령후보돼면   잘해야 30%   양자대결시  100%로.   이낙연 총리님 승리,7.52,38.44,54.05,긍정
아주 총리라는것이 헛소리나하고있고 민주노총이 경찰관들 때려잡을때도  이따위소리 해보지 그러냐..,26.77,34.39,38.84,긍정
안정감 있을 유,21.42,30.91,47.67,긍정
압싸한 호남인 조국 감싸고 두둔 하더니 이제와서 책임회피성 발언으로 보임니다,7.97,3.45,88.58,긍정
압싸한 호남인 조국 감싸고 두둔 하더니 이제와서 책임회피성 발언으로 보임니다,17.69,4.01,78.3,긍정
야 총리 ~~검찰 압수수색현장.  너의 공갈 사기죄는?  ..... 뭐?  여인만 둘 있는집에?   젊잔한줄 알았는데  자격이 문가. 똥구녕 밖에 안되네.  쓰레기.,12.58,16.25,71.17,긍정
야~이낙연 지랄을 엿같이 하셩~~니들 한소행을 생각해봐!!!!🖕,26.18,20.97,52.86,긍정
야권에서 황교안컷 지지하면 무난히 여권이 연임하겠네...,15.53,37.79,46.67,긍정
양파 나베,38.81,21.62,39.56,긍정
어느 당을 떠나 대한민국을 위해 이낙연 총리님을 지지합니다.,2.77,36.42,60.81,긍정
어영부영이아니라 이낙연총리님처럼,2.14,43.93,53.93,긍정
어쩌당 자한당이 저리 됫누.  보수 끝낫네. 각목에 성추행에 문화재 훼손에.. 그런 집회에 모금까지 한단다.   민주국가 만들어 논걸 다행으로 알어라. 박근혜 엿으면 계엄령 선포햇다.,15.47,12.94,71.6,긍정
어쩐지 문재인이 요즘에 북한 북한 안거리더니 이젠 개낙연한테 한소리 했나보네 ㅋㅋㅋㅋㅋ,12.96,20.42,66.62,긍정
언제나   응원합니다,11.29,13.05,75.66,긍정
언제나 지지하고 응원하겠습니다~^^,1.45,35.56,62.99,긍정
엄정조사해주세요,23.72,31.26,45.02,긍정
에구~,28.12,31.29,40.59,긍정
엥~황교안이 2위?소가웃고있네~,1.49,29.27,69.24,긍정
역대 총리중 젤 나은거 같음,4.6,8.16,87.24,긍정
역대 총리중에  가장 훌륭한,5.09,34.68,60.23,긍정
역대 최고로 일열심히 하시는 총리님..👏👏👏👏,34.66,19.82,45.53,긍정
역대 최고의 총리 이십니다,6.3,35.11,58.59,긍정
"역대 최장수 총리로 재임하였다는 것에는 축하를 하나,  도대체 대한민국 총리로써 제대로 국정운영을 한 것이 무엇이 있나 묻고 싶습니다.  경제. 안보. 외교. 인사. 교육. 사회통합등 모든 것을 망친 것에 일조한 것 뿐이고...",39.84,14.01,46.15,긍정
역사에 가장 위험한 대통령 문재인!,37.07,24.2,38.72,긍정
역쉬,27.63,27.73,44.64,긍정
"역쉬! 이낙연국무총리님,",5.2,41.23,53.57,긍정
역시 민주당은 항상 내로남불,1.5,32.81,65.69,긍정
역시 사이다 총리님  잘하셨습니다,2.49,45.18,52.33,긍정
역시 자한당  또 남탓해라  나씨 !,4.38,10.09,85.54,긍정
역시 총리님,1.14,37.46,61.4,긍정
역시 총리님!!! 어제 집회로 다시한번 느꼈다 우리가 했던 평화시위가 얼마나 멋진건지,1.83,46.68,51.49,긍정
역시 총리님+_+,0.57,33.43,66.0,긍정
역시 총리님이십니다,1.1,39.09,59.81,긍정
역시~ 충신은 없고~ 정치하는새끼들은 믿을놈이 없어~  양심이 없다는거지~  국민이 먼저가 아니고~ 본인들이 먼저네~ 학생들이 나와 외치는 소리도 들리지 않고~,34.3,8.05,57.65,긍정
역시~~,36.51,15.51,47.98,긍정
염병한다진짜,1.7,15.91,82.39,긍정
"오락가락    박쥐  이낙연,   이미  가면  벗겨졌어요  다시  맞추시죠!! 끝나쓰!!",33.96,31.64,34.4,긍정
오래계셔주세요. 품격있는 사이다 발언 너무 좋아합니다.,26.3,25.77,47.93,긍정
온유하고 참 좋은 성품을 가지신분인것 같습니다. 다음에 대통령 후보로 나오셨으면 어떨까생각합니다.,17.1,23.28,59.62,긍정
옳소!!총리님👍,30.95,21.9,47.15,긍정
와~♡,35.48,28.59,35.92,긍정
우리 총리 건들지마 왜구쪼바 리 스키야.,4.2,8.76,87.04,긍정
우리 총리님께서 대타로 가시나봐요~ 엉뚱한 고집불통이 흙탕물 쏫아부어 나라를 파탄지경에 빠뜨려  놓고는~ 왜 총리님을 보내신대요  너무 잘하지마세요 너무잘하면 고집불통과 좌파세력한테적폐로 몰려 순식간에 낙동강오리알 신세되고 인민재판에 회부되어  000탄광으로  끌려가지 마시구요~ 어짜피 쪽바리들한테 가시면  묵비권행사하시고 몸성히 귀국하시길~~^,29.37,10.3,60.33,긍정
우리 총리님손에 일본것 들고와야하나.?,2.18,10.47,87.35,긍정
우리 한글 만세! 만세! 만세!,31.76,22.93,45.31,긍정
우매한 국민들의 청개구리 심보를 봐라 대가리 깨져도 문재인 지지하는 똥멍청이 대깨문들아 나중에 조국 수사 재판가서 진실이 들어나도 니들은 무조건 조국 옹호할꺼야,17.79,4.25,77.96,긍정
우우부단 이낙연이 1등이라고    후후  또 여론몰이하는 군,34.64,21.34,44.01,긍정
운동화 신고 ,25.58,33.41,41.01,긍정
웬만하면 장수총리로 그냥 가시지~,7.22,35.33,57.45,긍정
유시민 이낙연 이런 분들은,12.89,19.89,67.22,긍정
윤석렬,22.89,33.71,43.39,긍정
윤석렬  ,37.12,24.4,38.48,긍정
응연합니다  이낙연만세!,5.33,42.44,52.23,긍정
응원하고 지지합니다.,5.23,32.21,62.57,긍정
응원함니다 !!!,11.07,22.88,66.05,긍정
응원합니다 ,12.47,3.86,83.66,긍정
응원합니다.,23.56,7.93,68.51,긍정
응원합니다.,23.56,7.93,68.51,긍정
응원합니다.,23.56,7.93,68.51,긍정
응원합니다. 🍀,24.6,2.68,72.72,긍정
응원합니다. 영원한 적도 영원한 친구도 없다. 만약 중국과 관계 악화되면 어쩔거냐? 관계 개선 하는게 국익에 도움이 된다. 하지만 불매는 생활입니다.,18.56,0.29,81.14,긍정
이 총리는 아베한테 절대 굴복당해서는 안된다.,31.79,33.5,34.71,긍정
이 총리님 고생이 많으십니다,1.5,47.37,51.13,긍정
이개총리  개문가와같이  경제폭망  국민들 디지것는데 장수총리 자화자찬 이개총리 혈세 월급만 축내고 뭐한게있니    나라나 말아먹는데 개문가와 더불어 일조하고서  뭔개소리 경제나살려 이개총리야,25.4,19.02,55.59,긍정
이낙연    응원합니다,0.04,29.77,70.18,긍정
이낙연  짱!,0.06,46.64,53.3,긍정
"이낙연  총리님,  지금도 잘  하고  계십니다. 민주당 들어오셔서  쎈  민주당  만들어주시고   대통령님께  큰  힘이 되어 주세요.",0.12,42.03,57.86,긍정
이낙연  화이팅 !,0.08,31.4,68.52,긍정
이낙연  화이팅 !,0.04,35.71,64.24,긍정
이낙연 국무총리님 지지합니다♡,0.09,23.44,76.47,긍정
이낙연 나오면 이낙연 지지한다,0.02,34.33,65.65,긍정
이낙연 든든합니다,0.03,30.07,69.9,긍정
이낙연 승!,0.05,48.89,51.06,긍정
이낙연 총ㄹ리님 지지합니다~^^,0.35,40.64,59.01,긍정
이낙연 총리 당신도 빨갱이입니까,0.0,41.56,58.44,긍정
이낙연 총리 아드님 만큼은 촛불시민이 철저히 보호해야 합니다!! 조국따님과 동일하게 고대 환경과-부산대의전원 나와서 군면제 후 의사교수 하시덩데.. 촛불시민이 이번엔 꼭 지켜드립시다 ㅠㅠ,0.0,46.17,53.83,긍정
이낙연 총리 아드님 만큼은 촛불시민이 철저히 보호해야 합니다!! 조국따님과 동일하게 고대 환경과-부산대의전원 나와서 군면제 후 의사교수 하시덩데.. 촛불시민이 이번엔 꼭 지켜드립시다 ㅠㅠ,0.01,48.99,51.0,긍정
이낙연 총리 존경합니다,0.0,41.43,58.56,긍정
이낙연 총리 좋아요,0.0,44.35,55.65,긍정
이낙연 총리 지지합니다~~~^^,0.01,41.61,58.38,긍정
이낙연 총리 틀린 말 아니다,0.0,46.53,53.47,긍정
이낙연 총리 화이팅~♡,0.01,32.86,67.13,긍정
이낙연 총리 힘내세요!!!!!!,0.0,38.05,61.95,긍정
이낙연 총리.. 일본에서 대한민국 국격을 ,0.0,45.25,54.75,긍정
이낙연 총리..추하다..권력에 기생하는 더러운 좌파인간..역겹다..탐욕에 걸씬 걸린 인간.,0.0,46.72,53.27,긍정
이낙연 총리가,0.0,47.44,52.56,긍정
"이낙연 총리가 포용, 통합의 장점?",0.0,49.67,50.33,긍정
이낙연 총리까지 나서게 되는구나.,0.01,48.08,51.91,긍정
이낙연 총리까지 나서는  개소리!!,0.0,47.67,52.33,긍정
이낙연 총리께 1표,0.0,49.89,50.11,긍정
이낙연 총리는 좋은게 좋은거라는 식의 ,0.0,49.22,50.77,긍정
이낙연 총리는...,0.0,46.28,53.72,긍정
이낙연 총리님,0.0,48.6,51.4,긍정
이낙연 총리님,0.0,48.6,51.4,긍정
이낙연 총리님,0.0,48.6,51.4,긍정
이낙연 총리님,0.0,48.6,51.4,긍정
이낙연 총리님,0.0,48.6,51.4,긍정
이낙연 총리님,0.0,48.6,51.4,긍정
이낙연 총리님  ,0.0,48.6,51.4,긍정
이낙연 총리님 감사합니다,0.01,38.47,61.52,긍정
이낙연 총리님 감사해요,0.01,38.47,61.52,긍정
이낙연 총리님 꼭 다음 대통령 바랍니다,0.01,49.96,50.03,긍정
이낙연 총리님 말장난하지마세요. 당신보다 윤석열 총장이 훨씬 솔직하고 좌고우면하지않네요. 당신의 언행은 중립을 지키기보다는 집권여당이 하고싶은말을 대신하는 앵무새같아요. 많이 실망스럽습니다.,0.08,46.37,53.56,긍정
이낙연 총리님 멋지십니다,0.01,39.14,60.86,긍정
이낙연 총리님 멋집니다,0.01,39.14,60.86,긍정
이낙연 총리님 문재인 대통령님 보좌  잘 해주셔서 ,0.01,49.01,50.97,긍정
이낙연 총리님 뭘하시든 지지합니다,0.01,46.43,53.56,긍정
이낙연 총리님 사이다 발언 속이 시원합니다 이렇게 속시원히 계속 밀어부쳐주세요♡♡♡ 차분하고 정확하고 겸손하고 존경합니다~!!!,0.02,42.58,57.4,긍정
이낙연 총리님 언제나 응원하겠습니다 지금도 너무멋져용♡,0.02,32.1,67.88,긍정
이낙연 총리님 언제나 응원합니다. 건강도 잘 챙기세요!!,0.04,38.22,61.74,긍정
이낙연 총리님 응원합니다,0.01,40.19,59.8,긍정
이낙연 총리님 응원합니다!,0.02,36.51,63.48,긍정
이낙연 총리님 응원합니다♥,0.01,38.84,61.15,긍정
이낙연 총리님 이러면 안되는거 아닌가요? 조국의 변호인?,0.0,44.74,55.26,긍정
이낙연 총리님 정치인들의 참된귀감입니다,0.02,43.85,56.13,긍정
이낙연 총리님 존경합니다.,0.02,41.53,58.45,긍정
"이낙연 총리님 지금도 일 잘하고 계십니다. 문재인대통령 옆에 있어서 든든하고요,  지지하고 응원하겠습니다!! 19일 토요일 6시 서초동 검찰개혁, 공수처 설치 촛불문화제!! 우리의 뜻을 보여줍시다.",0.27,41.11,58.62,긍정
이낙연 총리님 지지 합니다,0.01,42.75,57.24,긍정
이낙연 총리님 지지합니다,0.01,42.75,57.24,긍정
이낙연 총리님 지지합니다,0.01,42.75,57.24,긍정
이낙연 총리님 최고!!! 일 정말 잘하시고~좋은분,0.04,34.9,65.06,긍정
이낙연 총리님 화이팅!,0.01,38.22,61.77,긍정
이낙연 총리님 화이팅!!!,0.01,40.47,59.52,긍정
이낙연 총리님 화이팅!!!,0.01,40.47,59.52,긍정
이낙연 총리님 화이팅~ ,0.01,42.17,57.81,긍정
이낙연 총리님 화이팅입니다 ,0.02,37.84,62.14,긍정
"이낙연 총리님, 감사합니다.",0.02,39.93,60.04,긍정
"이낙연 총리님, 조국 법무님, 검찰개혁 응원합니다. 이해찬은 왜? 이재명 싸고도느라 바쁠 텐데. 민주당은 이해찬 , 이재명 버리고 이낙연 총리로 비대위 꾸려라.",0.01,49.2,50.79,긍정
이낙연 총리님!감사합니다.,0.02,37.92,62.06,긍정
이낙연 총리님. ,0.01,47.44,52.55,긍정
이낙연 총리님...항상 응원합니다!!!,0.03,39.49,60.48,긍정
이낙연 총리님은 죄송한게 뭐가 죄송한것인지요?,0.0,49.13,50.87,긍정
이낙연 총리님은 죄송한게 뭐가 죄송한것인지요?,0.0,45.18,54.82,긍정
이낙연 총리님이 끝까지 함께 해주세요!,0.02,41.93,58.05,긍정
이낙연 총리님이 넘사벽으로 지지율 높으니까 자한당에서도 싫어하고 찢 도지사에서도 싫어하고..,0.02,49.92,50.07,긍정
이낙연 총리도 국민이 개돼지로 보이나봅니다.,0.0,47.8,52.2,긍정
이낙연 총리를 지지하고 좋아하지만  ,0.01,44.48,55.51,긍정
이낙연 총리에게 큰 실망을 하게 됨~ㅠ.ㅠ,0.01,49.15,50.85,긍정
이낙연 총리의  명확한  질책과 현명한  말씀,0.0,43.23,56.77,긍정
이낙연 총리의  일본 행보로,0.0,42.59,57.41,긍정
이낙연 총리의 기회를 저버리지 마시고 제발 감사 중 비리와 압박에 휘말리지 마시고 낱낱이 진실로 보도되길 바래봅니다.,0.01,41.74,58.24,긍정
이낙연 파이팅!! 역시 대통령감임.,0.1,47.17,52.74,긍정
이낙연 파이팅~,0.04,43.74,56.22,긍정
"이낙연 화이팅,",0.07,33.91,66.02,긍정
이낙연 화이팅!,0.04,21.7,78.26,긍정
이낙연 화이팅..~~~,0.05,29.91,70.05,긍정
이낙연!이낙연!,0.01,39.21,60.78,긍정
이낙연님 최고죠^^,0.07,40.35,59.57,긍정
이낙연을 문재인 대통령의 계승자로! 이낙연 대통령!,0.04,43.59,56.36,긍정
이낙연이라는 언론인이 계셨다는게 너무 다행,0.18,38.03,61.79,긍정
이낙연총리 경력좀 확인해보고 그딴소리해라!!,0.0,46.82,53.18,긍정
이낙연총리 매우 훌륭한분입니다. 문재인대통령께서 인복많으십니다.,0.03,39.77,60.21,긍정
이낙연총리 웃고있네,0.0,47.83,52.17,긍정
이낙연총리 차기 대통령으로 좋습니다,0.0,49.66,50.33,긍정
이낙연총리 카리스마있고 인품있고 인지도 짱이다 국회의원들 처럼 막말안하고 머리 지식 꽉찬 분,0.01,43.76,56.23,긍정
"이낙연총리가 그만두시면,",0.0,47.86,52.13,긍정
이낙연총리가 물었다 ,0.0,46.83,53.17,긍정
이낙연총리가 자기를 찾아온 이유는,0.0,49.27,50.73,긍정
이낙연총리는,0.0,45.57,54.43,긍정
이낙연총리는 문재인대통령의 가장 큰 힘이 되는 인사였네요 고생이 많으십니다.,0.03,47.7,52.27,긍정
이낙연총리님,0.0,48.6,51.4,긍정
이낙연총리님,0.0,48.6,51.4,긍정
이낙연총리님,0.0,48.6,51.4,긍정
이낙연총리님,0.0,48.6,51.4,긍정
이낙연총리님,0.0,48.6,51.4,긍정
이낙연총리님  문대통령과 함께 끝까지 함께해주세요  차기 대권주자닌 이낙연총리뿐입니다  지금처럼  잘해주세요  야당놈들 잡으루있는분은 이낙연총리님뿐입니다,0.03,40.2,59.77,긍정
이낙연총리님  지지합니다~~~~!!,0.01,43.94,56.04,긍정
이낙연총리님 감사합니다. 검찰이.안 움직이니 행안부라도 움직여주세요.,0.02,49.71,50.27,긍정
이낙연총리님 멋지십니다. 가려운데를 제대로 아심!,0.01,41.54,58.45,긍정
이낙연총리님 믿습니다~,0.0,48.47,51.53,긍정
이낙연총리님 영광에서 국회의원하실때,0.0,49.5,50.49,긍정
이낙연총리님 응원하고 있습니다.,0.02,36.45,63.53,긍정
이낙연총리님 응원합니다,0.01,40.19,59.8,긍정
이낙연총리님 지지합니다,0.01,42.75,57.24,긍정
이낙연총리님 최고다,0.0,47.0,53.0,긍정
이낙연총리님 흔들림 없이 국정운영해  주시고 계셔서  감사합니다!  힘내세요!  응원합니다!,0.02,41.89,58.08,긍정
이낙연총리님....젠틀한 언변에 매력 쩝니다....화이팅!,0.01,48.89,51.1,긍정
이낙연총리님💙,0.0,45.61,54.39,긍정
이낙연총리님을 지지합니다. 항상 건강을 챙기세요.,0.05,38.38,61.57,긍정
이낙연총리도 좀 그렇네요,0.0,47.19,52.81,긍정
이러니,27.1,30.22,42.68,긍정
이번 총리의 말도 뭉갠다면 결국 대통령의 경질 결단만이 남는게 되겠네.,25.08,15.06,59.86,긍정
이전 총리였던 모지리에 교활하기만 한 황교안과는 하늘과 땅차이,13.58,34.91,51.51,긍정
이총리님은 문정부 임기까지 계속 같이 가셔야 한다. 이런분이 계셔서 정말 다행이다.,25.48,35.39,39.13,긍정
이형 너무 멋져 ㅎㅎ,8.63,19.87,71.5,긍정
이혼한 동생 전처까지,16.26,4.52,79.22,긍정
이후 어떤 발걸음을 하실지라도 지지하고 응원하겠습니다. 우리는 이낙연 보유국가입니다!,1.34,45.73,52.93,긍정
인격이대단하신총리님!기대됩니다,11.39,28.69,59.92,긍정
일베충 이낙연은 물러가라,5.22,39.63,55.15,긍정
일본 불매 중입니다 총리님 정신차리세요,30.79,24.91,44.31,긍정
"있는데,,,,",35.62,25.08,39.3,긍정
"있는데,,,,",36.49,24.3,39.21,긍정
있어야지,36.05,26.01,37.94,긍정
있어야지,36.05,26.01,37.94,긍정
있으면  총리 사퇴하라,4.27,35.9,59.82,긍정
자,8.55,31.99,59.46,긍정
자,8.55,31.99,59.46,긍정
자 나베차례인가? 고우!,32.58,8.3,59.13,긍정
자 이상 기레기들 뇌피셜 이었습니다.,44.34,5.35,50.31,긍정
"자, 이제 절라도 양아치들 쑈~타임~~  하는짓이라고 남은게 ""어딜만져!!어딜만지냐고!!"" 이거 뿐이냐?",42.88,6.8,50.32,긍정
자! 이제부터  나경원 부정부패  탈탈 떨어버리자,3.57,3.11,93.32,긍정
자국총리가각하라고말하면,12.14,30.28,57.58,긍정
자랑스럽습니다.,34.5,13.8,51.7,긍정
자일당 좀비들아 나경워니 봐라 부정부패로 정권을 빼앗겨 야당이 됐는데도 이렇게 검새들은 수사를 안하는데 여당이었을 때는 어땠겠냐 이게 니들이 그렇게 섬기던  보수를 뒤집어 쓴 독재의 실체야  니들의 맹종과 권력의 야합으로 저렇게 무소불위를 누리고 있었던거야  이러니 검찰개혁을 해야하고 공수처가 필요한거다 그리고 저 과거 독재의 산물 자일당이 없어져야 우리나라의 민주정치가 살수가 있다,32.53,3.8,63.67,긍정
자한 당 개 쓰 레 기 들아 이제 조 장관 그만해라.,0.1,0.66,99.25,긍정
자한 당 개 쓰 레 기 들아 이제 조 장관 그만해라.,0.09,0.63,99.28,긍정
자한당  정갑윤의원이 어디 갔다  오셨나 봅니다,0.08,1.61,98.31,긍정
자한당  종자들은  남이 잘되는꼴을 못보는 지~~,0.15,5.89,93.96,긍정
자한당  친일파들이 득세를 해서  나라가  미쳐 돌아가니 평범한 나도 광장으로 뛰어간다,0.02,1.13,98.84,긍정
자한당 개소리,0.05,1.0,98.95,긍정
자한당 공천 받을 심산인가?,0.05,0.89,99.06,긍정
자한당 관련된건 수사 시작도 안해 ,0.06,4.95,94.99,긍정
자한당 국개들 추하다..,0.09,2.6,97.32,긍정
자한당 국케으언 맞네 니입어로 ~~ㅋ.ㅋ,0.04,1.79,98.17,긍정
자한당 기레기 검찰들이 사과 해야지요,0.03,2.63,97.34,긍정
자한당 기레기 검찰들이 사과 해야지요,0.03,2.63,97.34,긍정
자한당 나경원 검찰은 다 한통속인건가  나라를 두쪽 내고 민심을 흔들고 일본처럼 우경화에 가까운 발언을 하고 비속어에 도저히 국민이 이해할 수 없는 행동들 총선때 국민의 민심이 어디에 있는지 보여줘야 한다 검찰은 빨리 나경원을 수사해야 할 것이다,0.02,0.93,99.05,긍정
자한당 나베 공격에 여념이 없구나 이제 일본 패기에 지짗ㄴ 광신도 좌파 진보 노무시키들,0.03,0.93,99.04,긍정
자한당 니들은....그냥 반대의 반대만 처 하러 국회일 하냐?,0.09,0.93,98.97,긍정
자한당 대표보다는 ,0.11,5.14,94.75,긍정
자한당 데모가 다 그렇지 ㅋㅋ 성추행 폭행 집단 연행  쓰레기들 ㅉㅉㅉ,0.05,0.87,99.08,긍정
자한당 먼저잡지 그래? 그러면 이해한다,0.67,23.87,75.46,긍정
자한당 목표는 대통령 이었는데,0.05,2.6,97.35,긍정
자한당 목표는 대통령 이었는데,0.07,3.36,96.57,긍정
자한당 물어뜯으란말야 ,0.01,0.5,99.49,긍정
자한당 미친것들 .. 나경원이 스페셜올림픽은 발톱의때 만큼밖에 안된다...,0.02,0.74,99.24,긍정
자한당 민낯이지~ 황교안 장관 때 자식들 장관 상 받았더던! 권력형 비리지!,3.68,46.2,50.12,긍정
자한당 방해로 70년을 못했다.......................................,0.08,5.5,94.41,긍정
자한당 범죄자들 왜 수사 않하나,0.02,0.82,99.15,긍정
자한당 봐주기하네.,0.05,2.69,97.25,긍정
자한당 뻔뻔스러움에 치가 떨린다,0.14,11.2,88.66,긍정
자한당 수준인 ×뽀 이름이 나오네...,0.03,0.81,99.16,긍정
"자한당 순 구정물 쓰레기통 범죄벌레들만 우글거리는 떵통, 수구 덩어리노인네들 다 빠져주거라.",0.04,1.08,98.88,긍정
자한당 아무나 나와도 당선 예언합니다.,0.23,16.91,82.87,긍정
자한당 애들은 하나 같이 수사를 다 피하는데 이건 당 차원 특검이 필요해 보임,0.02,0.55,99.43,긍정
자한당 일당들이 나라를 몇번을 거덜 냈는가,0.05,2.86,97.09,긍정
자한당 작전 실패?,0.12,9.36,90.53,긍정
자한당 작전 실패?,0.11,6.36,93.53,긍정
자한당 정점식 너무 나대지말아라,0.14,6.61,93.25,긍정
자한당 지네는 검찰존중한다면서 왜 소환불응이냐ㅋㅋㅋㅋㅋㅋㅋㅋㅋㅋㅋㅋㅋㅋㅋㅋㅋㅋ,0.07,0.82,99.12,긍정
자한당 지지자가 아닙니다... 그런데 현정부 내로남불 심합니다. 현정부 지지 안합니다 조국장관은 물러나야합니다,0.07,1.65,98.28,긍정
자한당 집회는 쓰레기집회,0.03,1.39,98.58,긍정
자한당 집회수준이 그럴줄알았다..한심하다..알바데려다 뭐하는건지...매주집회 열어서 자한당 파산했음좋겠네..담주도 또모이세요들~~세달 쭉 그인원이면 알바아닌거 인정해줄게용.ㅋ,0.06,0.68,99.26,긍정
자한당 짓거리가 어디가도 말썽이네. 얼릉 검찰은 팩트인 패스트트랙 수사부터 하시오. 나 참 의혹뿐인 사안에 몰빵하고 국론을 분열시키고 있는 검찰은 조국장관 자택수색때 여검사 대동하여 사치품이라도 나오면 또 흘려 망신줄려고 했지만 없어서 실망이 많았겠소. 당장 본인들이 지금 무엇을 하고 있는지 생각해보시오.,0.02,0.71,99.27,긍정
자한당 쪽은 몇건씩 고소 고발 들어와도,0.03,0.88,99.1,긍정
자한당 폭력집회수준 ㅉㅉ 역시 이낙연이 짱이다,0.18,42.96,56.86,긍정
자한당 하는걸 보며는 그냥 계셔도 1위 이십니다 황씨 나씨 고맙습니다,0.25,21.27,78.48,긍정
자한당 하는짓거리가 다 그렇지.. 지지세력도 똑같지? ㅎㅎㅎㅎ,0.05,1.58,98.37,긍정
자한당 헛소리를 눈하나 깜짝 안하고 논리적으로 반박하는 모습보고 반했음 기대합니다,0.06,3.08,96.86,긍정
자한당 황교안으론 안된다. 그나마 똑똑하고 젊은 원회룡 세를 늘려 다음 대선 준비해야 가망성있다.,0.22,46.61,53.17,긍정
자한당 황씨는 탄핵당한 총리 아니였나? ㅋㅋ,0.1,1.77,98.14,긍정
자한당검찰이 조국을 팍팍 키워주는구나 ㅡㅡ;;;;;; 리스트에도 없었는데;;;;,0.01,1.03,98.95,긍정
자한당것들 싫어하지...,0.04,1.35,98.61,긍정
자한당것들은 뻔뻔하기 이를때가 없는데 왜 대통령에 이어 총리... 정부와 여당은 계속 사과를 하는가??? 짐승들에게 뭔 사과를... 알아듣지도 못하는걸,0.06,0.56,99.37,긍정
자한당것들은 뻔뻔하기 이를때가 없는데 왜 대통령에 이어 총리... 정부와 여당은 계속 사과를 하는가??? 짐승들에게 뭔 사과를... 알아듣지도 못하는걸,0.07,0.56,99.38,긍정
자한당과 나씨에 대해서는  너무 ,41.36,5.11,53.53,긍정
자한당넘들 너희 수장 아베 빨아줘야지...,0.02,0.67,99.31,긍정
자한당놈들은 아직도 저러고있냐?  저런것들이 국민을 위한다고??   웃기고있네~~   니들은 없어져주는게   국민을  위한거다!!!,0.1,0.55,99.35,긍정
자한당놈들은 아직도 저러고있냐?  저런것들이 국민을 위한다고??   웃기고있네~~   니들은 없어져주는게   국민을  위한거다!!!,0.09,0.5,99.4,긍정
자한당에  힘 못쓰는 무능정부,0.05,1.87,98.08,긍정
자한당에 나경원 뿐이냐,0.12,6.68,93.2,긍정
자한당에 두루두루 원만하게 ,0.18,23.13,76.69,긍정
자한당에게 묻자 자발적으로 나온나온사람 몇명이나 되겠냐 집회 과정를 보면 30만명정도이고 그걸 300 만명으로 보도하고 개독교싸이비 종교서 참슥하고 ㅎㅎㅎ자한당 홈피 공문이 더웃긴다  국회의원당 100명씩 무조건 참슥시켜라 억어지로 나간 사람들이 알고 나가냐 일당받을려고 갔는거지 ㅎㅎㅎ참 태극부대도 만드는 인간들이 무슨 ㅎㅎㅎ,0.23,1.23,98.53,긍정
자한당에는 국썅 후보가 넘처흐른다~.,0.03,0.84,99.13,긍정
자한당에는 왜 이런 인재가 없을까?,0.03,0.62,99.35,긍정
자한당에서  토사구팽 될,0.05,2.8,97.15,긍정
자한당에서 대선 후보를 찾는다고...ㅉㅉ,0.04,1.21,98.74,긍정
자한당에서 백명이 나온들 이총리를 이길 수 있겠나...,0.06,5.22,94.72,긍정
자한당은,0.18,42.06,57.76,긍정
자한당은 공을차도 똥볼만 찬다니까 조국 건들어서 조국을 자동빵으로 대권주자 반열에 올려주네ㅎㅎㅎ,0.04,1.37,98.58,긍정
자한당은 나경원과  함께 멸해라,0.02,0.85,99.14,긍정
자한당은 모하냐 이런 구라미터를 그냥 놔둘건가 왜 방송에서 아무말도 못하냐,0.03,0.85,99.12,긍정
자한당은 물타기 그만해라 ,0.02,2.33,97.65,긍정
자한당은 물타기 그만해라 ,0.01,1.72,98.26,긍정
자한당은 뭘해도 문제야 ㅋㅋ 폭력 성추행,0.02,0.83,99.16,긍정
자한당은 믿을수 없는 저들만의 리그당....,0.04,1.18,98.78,긍정
자한당은 믿을수 없는 저들만의 리그당....,0.04,1.23,98.74,긍정
자한당은 성추행당인가. 노인분들 동원하고 지방에서도 동원하고 자한당 내년에 3당된다,0.15,13.6,86.25,긍정
자한당은 손도 안대고 있는 것인가?,0.05,2.15,97.8,긍정
자한당은 스스로 망하겠지만,0.06,7.72,92.22,긍정
자한당은 언제 정신차릴래,0.06,5.61,94.33,긍정
자한당은 염치를 모른다 ,0.02,3.18,96.8,긍정
자한당은 이런 폭력집회 방조자들 아닌가?,0.02,0.81,99.17,긍정
자한당은 이상하다.,0.27,25.46,74.28,긍정
자한당은 절대 지지 하지 안는다... 그러다고 민주당도 지지하지 않는다. 새로운 새력이 나오기를 희망한다... 안철수에게 큰 기대를 했으나 ... 이제는 그도 빛이 발한것 같다. 차세대 리더가 필요하다,1.58,42.48,55.95,긍정
자한당은 절대로 안된다~~!!!!!,0.04,4.26,95.7,긍정
자한당은 조국 그만 울궈먹고 수사나 받아!!,0.05,0.96,98.98,긍정
자한당은 조국 그만 울궈먹고 수사나 받아!!,0.05,1.04,98.9,긍정
자한당은 죄송한짓 해놓고 잘못했다 결코 말하지 않잖아요! 모든걸 잘못하는 자한당은 자멸할 당,0.2,13.1,86.7,긍정
자한당은 죄송한짓 해놓고 잘못했다 결코 말하지 않잖아요! 모든걸 잘못하는 자한당은 자멸할 당,0.21,22.25,77.53,긍정
자한당은 치외 법귄지대 인가?,0.03,2.01,97.96,긍정
자한당은국민들에게석고대죄하고,0.19,21.46,78.35,긍정
자한당은국민들에게석고대죄하고,0.09,10.16,89.75,긍정
자한당을  두른  의혹들 ,0.06,7.46,92.47,긍정
자한당을 싹 쓸어 버려서 일본 아베에게 보내야한다,0.06,2.9,97.04,긍정
"자한당의 패스트트랙  및 각종  자녀입시 비리  수사 처벌, 공수처 설치 등으로 달래야 한다",0.16,0.88,98.96,긍정
"자한당의 패스트트랙  및 각종  자녀입시 비리  수사 처벌, 공수처 설치 등으로 달래야 한다",0.13,0.92,98.95,긍정
자한당의원들이나 그쪽 인사들은 범죄가 있어도 검찰은 본체만체 ,0.02,0.71,99.27,긍정
자한당이 검찰기소권과 수사권 보장해주니까,0.02,1.06,98.92,긍정
자한당이 나대는 이유를 정녕  모른단 말인가?,0.03,0.67,99.3,긍정
자한당이 너무 싫지만 지금 민주당 하는짓 때메 밀어줘야할듯,0.13,11.8,88.07,긍정
자한당이 또 작업칠까 무섭다,0.01,0.79,99.2,긍정
자한당이 의혹제기하고 언론이부풀리고 검찰이 이잡듯 수사를 해도 밝혀진게 없다.,0.05,2.68,97.27,긍정
자한당이 의혹제기하고 언론이부풀리고 검찰이 이잡듯 수사를 해도 밝혀진게 없다.,0.06,3.38,96.56,긍정
자한당이 저랬어봐 탄핵하자고 좌표찍고 대깨문 맘벌레패당들 들고일어났지,0.03,0.58,99.39,긍정
"자한당이 좋아라하는 특검, 국정조사합시다.",0.12,7.39,92.49,긍정
자한당이든 민주당이든 염치에 염자도 모르는 인간들이 민의를 대변한다고 설치는 판에서 참 돋보이는 인물이 이낙연 총리다.,0.26,31.89,67.85,긍정
자한당하고 아무 상관없이 국민들이 답답한 마음에 나온 집회다. 무거운 마음으로 받아들이고 국민들에게 답해야 할것이다. 그리고 박근혜석방 이딴거 들고 나오는 인간들이랑 묶지말아라. 자한당 너네들하고도 다르다. 아무상관 없는 국민들까지 싸잡아서 너네랑 같다고 판단하지 말아라.,0.34,6.12,93.54,긍정
잘 하셨습니다. 일본 하고는 딱 거기까지.. 그냥 이웃나라다 정도만 서로 인식하고 그냥 평행선 그으면 됩니다. 그냥 일본은 없는 나라 취급 하십시오. 대한민국 건립시 친일파가 정리 안 된게 지금의 결과 입니다. 일본과 관계를 청산함으로 본토와 토착들 서서히 씨를 말려야 합니다. 우리는 앞으로 무조건 제펜 패싱 입니다. 우리 대한민국은 그 누구도 건드릴 수 없는 아시아의 최강국이 되어야 합니다. 이게 군대 갔다온 아저씨의 소망 입니다.,49.74,0.26,50.0,긍정
"잘하고있는데 왜 그만둬야되지? 박정희처럼 주구장창하고있는것도 아닌데,.",36.28,0.1,63.62,긍정
저걸총리라고,7.7,37.45,54.85,긍정
저열한 식견으로 지금 누굴 가르치려드냐? ,8.85,6.78,84.37,긍정
전만한 준석아 니 뭘 안다고 이빨터냐..,24.33,2.13,73.54,긍정
절대 자한당이 대안이 될수는없다 그들이 기득권 지키기 정당이란건 국민이 다 안다,35.35,9.21,55.44,긍정
절대 자한당이 대안이 될수는없다 그들이 기득권 지키기 정당이란건 국민이 다 안다,32.71,13.12,54.17,긍정
정말 검찰이 편파적이야,37.58,1.04,61.38,긍정
정말 궁금한데...나경원 왜 수사 안 하는거야. 이런것도 촛불 들어야되는거니. 이게 나라냐.,16.18,3.45,80.37,긍정
정말 내로남불의 상징 종북좌빨 문빠들..,40.44,1.89,57.67,긍정
정말 대단한 정권 조국반대vs찬성으로시작된 사건이 어느순간 조국반대vs검찰개혁으로 조작되어 조국반대하면 검찰개혁 반대하는 개돼지로 만들어버림 정말 프레임짜고 국민선동하는건 이번정부가 최고네요,43.75,2.26,53.99,긍정
정말 물러터졌다,37.37,3.4,59.24,긍정
정말 성질 나네.,18.35,11.91,69.73,긍정
정말 안타까운건,7.55,14.7,77.75,긍정
정말 언변이나 인격이나  능력이나 모두모두 갖추신분!,26.35,2.31,71.34,긍정
정말 웃기고 있는 좌빨 정부 그렇게 적대시 하다가 갑자기 꼬리 내리는꼴 봐라. 아이꾸 이 빙신.,29.9,1.74,68.36,긍정
정말 이낙연도 실망이다... 10월3일 자유당이 싫어도 똥파리가 꼬여도 나는 광화문으로 가서 내 하고 싶은 말 하면서 촛불을 들거다..,0.3,2.49,97.21,긍정
정말로 존경. 말 한마디 함부로 안하는 총리님.,42.61,14.41,42.99,긍정
정말이지,25.35,6.22,68.43,긍정
정치인으로서,29.42,14.13,56.45,긍정
조국 감사합니다  이낙연을 알게해주셔서 ᆢ 엄청반듯한지 알았는데  개소리해대니  다시 훑어봄,12.16,27.77,60.07,긍정
존경 받지못하는  간부는  허세만 ,35.94,0.28,63.78,긍정
존경하고 사랑합니다.,10.51,16.65,72.84,긍정
존경합니다,24.12,7.99,67.9,긍정
존경합니다.,32.11,9.45,58.44,긍정
좌파 더불 공산당은 물러가라,0.16,49.57,50.27,긍정
주목을 이끌어내야죠,18.25,37.17,44.58,긍정
주사파문재인은정신병원갔냐?,20.35,11.73,67.93,긍정
지긋지긋하다. 자한당 때문에 병 생겼다. 내로남불의 극치!!,25.47,27.26,47.27,긍정
지당하신 총리님말씀,2.31,41.55,56.14,긍정
지랄병,29.6,30.0,40.4,긍정
지역구 출마 적극 지지한다,13.64,30.76,55.6,긍정
지일파 이낙연은 안된다.,12.18,41.87,45.95,긍정
지지하고 응원합니다!,2.16,31.56,66.28,긍정
지지합니다,45.33,6.24,48.43,긍정
지지합니다,45.33,6.24,48.43,긍정
지지합니다,45.33,6.24,48.43,긍정
지지합니다,45.33,6.24,48.43,긍정
지지합니다,45.33,6.24,48.43,긍정
지지합니다!! ,38.07,10.82,51.11,긍정
"지지합니다. 이유는 원만함과, 용의주도함과 상황대체 능력이 우선 신뢰가 갑니다. ",38.03,0.84,61.13,긍정
지지합니다~♡,2.5,48.57,48.93,긍정
진심 우리나라 왕조를 강제침탈 후 폐위 시킨 쪽빠리 나라 왕 즉위식을 참석해야 하는가? 이러면 나경원 이랑 다를게 없다. 참석 철회하지 않으면 조국까진 참았지만 이번엔 민주당 지지를 철회한다.!,45.93,3.17,50.9,긍정
진심 존경스러움,9.35,13.6,77.05,긍정
진정성 있는 민중 시위를 또 그런 식으로 몰고 가려는 썪어빠진 집권 여당의 야비함답다!,30.3,6.54,63.17,긍정
진정성없고,46.4,6.0,47.6,긍정
진정성이 보이지는 않는다.,38.96,4.53,56.51,긍정
진정성이 보이지는 않는다.,38.96,4.53,56.51,긍정
진정성이 없는 정부,46.71,3.54,49.76,긍정
진정한 총리 다우신분이다..자힌당 애들아 본받아라,12.72,26.72,60.56,긍정
진짜 이낙연까지 물들엇구나 문재인정권 대단하다 야네는 진짜 내로남불이다 나도 한나라당도 싫지만  너넨 진짜싫다 멍청한것들,3.81,38.89,57.3,긍정
집권 민주당이 여당이 맞나 싶을 정도로,29.47,31.89,38.64,긍정
징그럽다,29.18,30.02,40.81,긍정
쯧,25.42,34.66,39.92,긍정
차기 총리는 청문회 결격사유 없는사람 골라도 없을텐데~~,32.7,5.73,61.57,긍정
차기 총리후보를 잡아서 또 조국 전 장관처럼 물고 뜯으려고 온갖 짓을 다 하겠지?,33.72,3.53,62.75,긍정
차라리 이낙연 총리처럼 자기 할일에 최선을 다하는게 옳다,0.36,49.79,49.86,긍정
찬일파 이낙연총리.,0.36,45.39,54.25,긍정
참 말씀 잘하시네요~ ,35.89,10.53,53.57,긍정
참 멋지신분  역대 최고 총리님👍,0.27,34.84,64.9,긍정
참 존경합니다,28.31,13.49,58.2,긍정
참보수 이낙연 총리님,1.14,44.89,53.97,긍정
책임 총리라면서 니가 개혁한게 뭐있냐? 언론인 출신이라고 기자들년놈들이 이새끼는 안까네.,21.21,9.78,69.01,긍정
천,35.6,27.83,36.57,긍정
총리~~  생각 잘하세요..  물론 총리는 역대적으로 큰 책임은 지지않지만..자칫하다간 이번 정부 큰일납니다,0.36,47.75,51.89,긍정
총리가 많은 역할을 하고 있구나를 알게 한 분이다,0.57,40.7,58.73,긍정
"총리놈아 그건경찰이 알아서 할일이고 니는 조국놈수사에대한말좀해봐 너도 조국의분대장인지 재인과니가 동급으로 동조세력인지 ,.참 니들하는꼬라지 ,,조국마누라가 황제ㄴ부인이냐 더러운세상",5.79,44.97,49.24,긍정
총리님  통쾌한 말씀넘감사합니다   존경합니다   화이팅 입니다   건강하세요,0.12,26.59,73.29,긍정
총리님  화이팅.,0.21,39.6,60.19,긍정
총리님 ~  얘네 쫄았어요~  화이팅!!!^^,0.23,39.11,60.66,긍정
총리님 감사합니다!,0.05,22.2,77.75,긍정
총리님 너무멋지시고~~,0.04,23.81,76.15,긍정
총리님 대권으로 총리님대권으로 이낙연 총리님 홧팅,0.04,33.44,66.52,긍정
총리님 멋지다.우산국산은. 안인듯,0.03,43.26,56.7,긍정
총리님 멋지십니다^^힘내십시요^^,0.03,23.29,76.68,긍정
총리님 수고가 많으십니다.,0.19,32.94,66.87,긍정
총리님 수고가 많으십니다.,0.19,32.94,66.87,긍정
총리님 역대 최고입니다. 든든하고 진중하고 멋져요!,0.06,22.56,77.37,긍정
총리님 응원합니다 그리고 이낙연 국무총리님이셔서 행복합니다  존경합니다,0.07,28.39,71.53,긍정
총리님 잘하셨습니다^^,0.17,27.93,71.9,긍정
총리님 존경합니다.,0.13,29.57,70.3,긍정
"총리님 지금아주잘하고계십니다,힘내십시요",0.38,25.74,73.88,긍정
총리님 화이팅!!,0.14,29.65,70.21,긍정
총리님 화이팅입니다,0.13,20.53,79.35,긍정
총리님 회이팅 핵사이다입니다,0.18,39.54,60.29,긍정
총리님!,0.1,44.26,55.64,긍정
총리님.. 겁니 멋지십니다.,0.15,30.01,69.84,긍정
총리님께서 문재인 대통령님 곁에 계셔서 정말 든든합니다.,0.07,32.44,67.5,긍정
총리님의 권한을 행사하시어 각 부,0.09,48.39,51.51,긍정
총리님이 계셔서 든든합니다. 감사합니다.,0.11,25.47,74.42,긍정
총리님이 계셔서 든든합니다. 잘 준비하셔서 문 대통령 이후 우리 나라를 잘 이끌어 주세요~ 응원합니다.,0.25,25.88,73.87,긍정
총리님이 계셔서 든든합니다💕💕💕,0.12,29.22,70.67,긍정
총리님제대로해주세요꼭,0.33,44.83,54.84,긍정
총리도.민주당.아니랠까봐,0.08,49.17,50.76,긍정
총리를 끝으로,0.13,47.8,52.07,긍정
총리를 끝으로,0.13,47.8,52.07,긍정
"총리의 품격. 자한당 나경원,황교안은 좀 보고 배워라. 기대도 않지만.",0.3,45.76,53.93,긍정
총리직 잘 마무리 지어주십시오. 그게 첫째입니다.,0.27,31.56,68.17,긍정
총리직 잘 마무리하고 ,0.14,37.97,61.9,긍정
최고,40.6,13.57,45.83,긍정
최고!!!,28.1,18.58,53.32,긍정
최고.최고.총리님.,3.04,43.65,53.31,긍정
최규하 총리재임 3년274일,3.69,36.28,60.03,긍정
최장수 바지사장 총리. 정견이 있나?,23.03,36.02,40.95,긍정
최장수 총리라니  그리  사람이 없는,21.12,15.47,63.41,긍정
최장수 총리며는 뭐합니까,17.42,18.6,63.98,긍정
최장수 총리이자 최초의 토착왜구 총리 이낙베,17.52,35.66,46.82,긍정
최장수총리  는 무능력 에 있다 국가를 위해  쓴소리는 검찰개혁  이라며 개소리  차라리  똥개는 짖기라도하지  그만하고 고향으로 가세요,21.24,28.8,49.95,긍정
추하다 이낙연아 너도 감방가야겟다 써글아 국민들 소리는 안들리고 딴소리하고 자빠졋네 와 화난다 이놈들 하는 짓들,29.81,12.92,57.27,긍정
치부하고덤빈다면,24.85,28.24,46.91,긍정
친일지주 한민당 더불당 전신 친일 매국노 겐세이,29.72,30.26,40.02,긍정
친일파 이낙연은 아베와 친하다며.,34.05,25.9,40.05,긍정
친일파이낙연: 천황폐하만세,19.88,35.96,44.16,긍정
ㅋㅈㅋ,31.14,32.79,36.08,긍정
타경   좋다 ㆍ문죄인도   꼭  꼭 해야한다  이낙연 진짜  총리라면  꼭 문죄인도 해라,27.33,27.37,45.3,긍정
타국총리한테,30.95,30.06,38.99,긍정
튀기전에 어서 감사를 하세요~!,36.26,19.65,44.08,긍정
특검!!!,33.5,29.37,37.14,긍정
파이팅입니다,29.91,15.61,54.49,긍정
포기한 네 넘을,29.03,18.59,52.37,긍정
품격 넘치는 이낙연 총리님~,0.22,47.08,52.7,긍정
품격있는 총리님 ~자한당것들은 죽었다깨나도 없는. 품격ㅇ,5.47,45.28,49.25,긍정
품위있고 진실성있는 이낙연 총리,2.72,39.01,58.26,긍정
"하고 있다면 황빡빡,나베는 특검이 맞다,,",34.74,19.86,45.4,긍정
하지만 황교안 인간성으로 봤을때 지역구는,1.81,14.46,83.73,긍정
학수고댜 바라고 있습니다.,41.59,13.44,44.96,긍정
한 나라의 총리답게 공평과 정의를 실현하십시오.살아있는 권력에 기대면 국민의 심판을 받게 될 것입니다.한때는 존경하던 분이었는데 실망입니다.,21.45,25.54,53.01,긍정
한나라의 총리가 나서서 그런일까지 한다니 문재인이 답답하긴 한가보네...ㅎㅎㅎ,21.51,37.41,41.07,긍정
한심한 자한당 ... 집회는 국민 스스로가 해야지 어기지 강합집회이니 이모양으로 불합리한것이 나오는데 거기에 동참한 알바생들만 좋았겠다 ㅎㅎ,26.65,8.99,64.35,긍정
할려고~,35.35,25.08,39.57,긍정
항상 바쁘냐?,42.27,3.04,54.69,긍정
항상 응원합니다~~~,3.72,13.65,82.62,긍정
항상 이낙연이가 일하나는 잘한다고,0.26,1.57,98.17,긍정
항상 입을빌어하는 법과 원칙은 어디에.....?,28.65,1.08,70.28,긍정
행여 민주당으로 기어들어 오지 마라.,2.89,44.29,52.82,긍정
허수아비 총리 나가신다 전라도 대통령나가신다.,2.07,5.61,92.32,긍정
"현재 1,254,828 분이 서명하셨습니다.  문재인 탄핵!!  조국 구속!!  이낙연 자녀 수사!!  http://1000mansign.com/index.php",9.65,23.64,66.71,긍정
호탕하고 든든한 모습 언제나 보기 좋습니다..,14.27,23.0,62.73,긍정
화이팅 입니다.,21.19,11.23,67.58,긍정
화이팅 지지합니다,34.37,5.65,59.98,긍정
화이팅!!!,32.52,8.76,58.72,긍정
화해한다고 해도,35.0,4.0,61.0,긍정
화해한다고 해도,33.75,11.81,54.44,긍정
황교안,0.15,44.07,55.78,긍정
황교안  나경원  고마워 내년총선까지만 계속지껄어줘.,0.23,40.26,59.51,긍정
황교안 19% 납득간다...ㅋㅋㅋㅋㅋㅋㅋㅋㅋ 근혜 못잊는 어르신들이 몰빵줬네,0.04,41.38,58.58,긍정
황교안 1순위이지만 아직은 아닌 것같다.,0.15,44.17,55.68,긍정
황교안 게엄문건과 아들  나경원 아들 딸 장제원 아들,0.19,29.87,69.94,긍정
황교안 계엄령 문건은 ,0.03,36.88,63.09,긍정
황교안 군면제 이유인 담마진은 왜 안 궁금하지? 나경원 아들딸 성적은 왜 기사가 안나올까? 자한당 애들은 왜 다 그냥 넘어가는 거지?? 자한당-언론 내통 진짜 심하다,0.11,40.42,59.47,긍정
황교안 김학의 친구라서 불가능 정식 대통령 후보로 나오는 순간 김학의가 불거질거임 진짜 자한당은 대통령 후보가 없음 반기문을 모셔오던지 해야함 진짜,0.23,47.28,52.49,긍정
황교안 나경원이 사주한거다  그자들을 잡아넣어라,0.25,30.01,69.74,긍정
황교안 대통령 가즈아,0.28,37.21,62.51,긍정
황교안 대표가 대통령이 되어야 나라가 산다. 황교안을 대통령으로!,0.95,26.75,72.3,긍정
황교안 되면.. 나라 망한다,0.08,24.2,75.72,긍정
"황교안 딸도 조사하고,",0.06,41.52,58.42,긍정
황교안 박찬주 국방장관시키고 조현아 국토교통부. 김준기. 문체부장관 시키면 되겠다,0.24,36.5,63.25,긍정
황교안 생각보다 오래가네.,0.42,24.04,75.54,긍정
황교안 선호자들은 뭘 하는 사람들일까 궁금하다,0.01,14.92,85.08,긍정
황교안 아들,0.33,32.93,66.74,긍정
황교안 아들,0.33,32.93,66.74,긍정
황교안 열일한다,0.09,39.32,60.59,긍정
황교안 이라니...ㅋㅋㅋㅋㅋㅋㅋㅋㅋㅋ  어디서 조사한거냐...ㅋㅋ,0.24,45.97,53.78,긍정
황교안 자식들 특검가자.,0.51,28.68,70.81,긍정
황교안 지지하는  사람들이 아직도 있나? 같은 하늘에서 아래서 이렇게 생각이 다른지..,0.02,47.66,52.31,긍정
황교안 지지하는것들은 몰까 ㅋㅋ,0.01,28.46,71.53,긍정
황교안 ㅋㅋㅋㅋㅋㅋㅋㅋㅋㅋㅋㅋㅋㅋㅋㅋㅋㅋㅋㅋㅋㅋㅋㅋㅋㅋㅋㅋㅋㅋㅋㅋㅋㅋ 황교안에서 웃고가면되는거지? ㅋㅋㅋㅋㅋㅋㅋㅋㅋㅋㅋㅋㅋㅋㅋㅋㅋㅋㅋㅋㅋㅋㅋㅋㅋㅋㅋㅋㅋㅋㅋㅋㅋㅋ,0.05,36.72,63.23,긍정
"황교안, 나경원한테는 한없이 관대하지.",0.06,47.17,52.77,긍정
황교안? 그렇게 인물이 없나?,0.19,28.77,71.04,긍정
황교안? 대박이다..어떻게 저런 방사능이..ㅎㄷㄷㄷ 방사능은 재활용하는거 아닌데...,0.25,34.78,64.98,긍정
황교안? 미쳤네...나라밥말아먹고싶냐.,0.1,32.16,67.74,긍정
황교안? 지나가는 개가 웃겠네~,0.25,38.48,61.28,긍정
황교안??? 쪽팔린다,0.43,29.01,70.56,긍정
황교안???????????ㅋㅋㅋㅋㅋㅋㅋㅋㅋㅋ지나가던 개가 웃겠다,0.14,28.8,71.06,긍정
황교안. ㅋㅋㅋㅋㅋㅋ 차라리 최순실을 불러와라.,0.04,31.47,68.5,긍정
황교안... 조국.... 뭐냐... 아 이렇게나 인재가 없구나,0.11,37.52,62.37,긍정
황교안.......헐....황당,0.22,27.38,72.4,긍정
황교안~화이팅~@@@,0.03,25.77,74.2,긍정
황교안65 이낙연35  끄읏,0.01,46.12,53.87,긍정
황교안계엄령 특검 해라,0.04,41.47,58.48,긍정
황교안과 맞대결 원한다,0.29,13.2,86.51,긍정
황교안과 조국을 비교한다?? 비교가 되나...자한당엔 조국같은 뛰어난 인물이 없다. 그래서 저들이 물어 뜯으려고 저 난리를 치는것이다.  조국은 충분히 대통령을 할수 있는 인물이다. 앞뒤분간도 못하고 태극기 부대원과 개독교 총연합회장과 함께 대통령 놀이나 하고 황교안은 비교하지마라..,1.18,12.85,85.97,긍정
황교안과는 비교가 안되네요..,0.13,39.61,60.26,긍정
황교안대통령♥,0.29,28.63,71.08,긍정
황교안보다 차라리 조국행님이 낫다,0.14,37.65,62.22,긍정
황교안은  이낙역 총리에게 깜도 안된다,0.14,25.24,74.62,긍정
황교안은  저들에게 쓰임새가 다 하면 버려질 것임!,0.1,20.86,79.04,긍정
황교안은 19%는 인간이냐,0.05,17.2,82.75,긍정
황교안은 대통령깜이 못된다!!!!,0.12,21.56,78.32,긍정
황교안은 도대체 누가 지지하는 걸까 ,0.09,20.59,79.31,긍정
황교안은 뭐냐 ㅋㅋㅋ,0.29,25.59,74.12,긍정
황교안은 아무리봐도 대통령감은 아닌듯 싶어요..,0.07,19.31,80.62,긍정
황교안은 진짜 아니다. 너무 구식이고 애국심이 없어. 노인들 표 없으면 자한당은 예전에 사라짐.,0.23,33.31,66.46,긍정
황교안은?? 묑니?,0.28,25.36,74.36,긍정
황교안은아니지않냐 지지율조작죽이네,0.07,23.01,76.92,긍정
황교안이  대권2위  라고  이사람 들   탄핵   당 한 집권한  총 리가 3년도체안 됐는대  무 슨  대 권이야   정 신 들 나갔군.주군은아직  형을밭고 있는대  총리 하던  사람은  자숙을  하고 있어야하겠구먼.!,0.05,41.02,58.93,긍정
황교안이 19.9에서 웃으면 되냐?,0.05,43.34,56.61,긍정
황교안이 19% 미치겠다ㅋㅋ 국민성도 하락세네,0.04,46.75,53.21,긍정
황교안이 계엄령 내란 모의문제는,0.04,42.78,57.18,긍정
황교안이 계엄령을 내려 촛불집회에 있던 선량한 시민들을 모두 죽이려 했다. 이건 용서할수 없다.  이 나쁜 기레기 ♩♪들아 니들이 인간이냐?  니 가족이 총과 칼로 죽임을 당했다면 니들은 행복했겠냐?  더러운놈들아.  황교한을 체로하고 사형하라!!!,0.37,45.53,54.1,긍정
황교안이 군대 안 갔지만 아들도 군대를  안 갔다.,0.06,42.33,57.61,긍정
"황교안이 대권주자란 것이 참과관이다. 아니 박근혜가 탄핵돼서 감옥에 가있다.박근혜 정부에서 법무장관,국무총리헌자다 그런데  뭘한다고  이게말이냐 국민수준이 이렇단 말인가",0.15,47.21,52.65,긍정
황교안이 대선주자  웃긴다!,0.1,43.68,56.21,긍정
황교안이 이렇게 나온다는건 좀이상하다. 이총리지지가 조국으로간것같다.,0.25,40.79,58.96,긍정
황교안이가 기독교라 기독교 단체가 모여서 태극기 성조기 흔들며 헌금 받았냐? ㅋㅋㅋㅋㅋㅋㅋㅋㅋㅋㅋ개이새기들 아 생각만해도 드럽다 구걸을 해라 이 개이새기들아 ㅋㅋㅋㅋㅋㅋㅋㅋㅋㅋㅋㅋㅋㅋㅋㅋㅋㅋㅋㅋ,2.73,30.19,67.07,긍정
황교안이가 왜? 진짜 대통령할 생각은 없겠죠?,0.29,37.78,61.94,긍정
황교안이나 한국당쪽에서 갔어봐 완전 토착왜구라고 난리난리 쳤을 좌파들아  이낙연이 한테도 말좀해봐라,0.25,30.38,69.37,긍정
황교안이는 감이 안되는 인간인데.... 주술로 나라 운영할듯....,0.41,35.72,63.88,긍정
황교안이는 대갈통까지 빡빡 밀었는데도 지지율이 저모양이냐? 도대체 뭘 해야 오르는겨?,1.22,37.4,61.38,긍정
황교안이든 이낙연이든 누가 돼도 좋다.,0.02,34.2,65.78,긍정
"황교안지지,윤성렬..지켜보겠습니다 . 죄국의 불의에 나서는자 그분들을 지지합니다. 그러나보수는 하나로 뭉쳐  40% 좌빨들에겐  다시는 정권 빼앗기지 맙시다!",0.62,34.48,64.9,긍정
황베,28.12,28.17,43.71,긍정
후임총리는 국회동의 통과할수있으려나 ㅋㅋ,33.14,27.54,39.32,긍정
힘내세요,9.6,7.45,82.96,긍정
힘내세요^^,2.71,9.49,87.8,긍정
Great!  ☆☆☆☆☆,26.63,34.57,38.79,긍정
Jerks,30.83,34.0,35.17,긍정
Kia  이낙연 친일파 색기,2.95,28.26,68.78,긍정
out,23.54,36.28,40.18,긍정
