♩♬세요   민주당    이 새    키들은내년이면 전부,20.51,54.23,25.25,부정
1. 자한당,28.41,44.33,27.26,부정
2. 자한당,28.37,42.33,29.3,부정
"5대적폐 문재인,이낙연,임종석,조국,박원순",12.14,53.13,34.73,부정
가소롭다,34.87,36.01,29.12,부정
가지가지,27.37,42.74,29.89,부정
건강하십시오,32.93,33.64,33.43,부정
검새들은 자한당 하수인??!!!,29.54,44.48,25.98,부정
경상도에서 병역기피자 보다는 할수 없이 이낙연 총리를 지지 할수밖에 없다.,5.17,51.52,43.31,부정
계속총리님으로 계시세요,6.88,53.08,40.04,부정
고건이나 이낙연이 황교안보다는 훨씬 낫가는 하지,9.13,55.36,35.51,부정
공산당 당원 이낙연아,0.05,84.46,15.49,부정
공산당이 나라를 말아쳐드시넹~ ^~^ 츄르릅~,0.05,94.11,5.85,부정
공정하지 못한  대통령 아래 총리군요 이낙연 총리님 실망입니다,0.61,58.19,41.2,부정
구태 민주당,5.53,55.26,39.21,부정
국무총리,30.84,44.63,24.53,부정
국무총리 / 최장수 총리 ,11.6,47.7,40.7,부정
그동안 이낙연총리께서는 문통 잘 도우시며 건강관리 잘하고 많이 배워 뒤이으면,0.5,51.62,47.88,부정
그래 이낙연 총리와 황교안 대표의 경쟁은  좋은 구도이다 이낙연 총리도 젊잔은 사람이고 황교안총리도 그리 문재인 같이는 않을 것 같고 문재인 같은 실수를 하지 않으면 누구도 괜찮다.... 자고로 통치자는 아집이 중요한것이 아니라 정의가 무엇인지가 중요하다... 정의 란 무엇인가... 우린 박근혜가 정의 롭지 못하다고 한다.. 그리고 그 주변에 최순실이라는 나쁜 여자가있었다.. 문재인은 정의 로운가  아니다... 우린 조국건을 보면서 문재인은 죽은 것이다.. 정의 롭지 않은 의사 결정.. 그러나 이낙연 총리는 그렇지는 않다...,12.53,44.31,43.16,부정
그러나,26.83,38.04,35.13,부정
그후 이낙연총리께 바톤 넘겼으면합니다.,16.36,44.43,39.2,부정
글만 봐도 이낙연 총리님의 음성이 지원된다.,3.75,54.09,42.17,부정
글구,28.47,39.77,31.77,부정
김대중 노무현 문재인 이낙연 대통령이 이어져야 나라가 산다.,2.57,49.9,47.53,부정
김석기,34.85,36.29,28.86,부정
김종필 총리재임 4년198일,0.69,53.18,46.13,부정
까탈스런 총리께서 문체부를 이야기 하고 검사의,6.05,54.57,39.38,부정
깔때기 수상,29.47,42.57,27.95,부정
끼리끼리,28.76,36.99,34.25,부정
나경원.. 황교안. 문재인. 조국 자녀 비리.. 특검 하자고..,14.72,47.25,38.02,부정
나도 이낙연총리각하라고 불러야하나?,0.21,49.96,49.84,부정
낙연총리님 든든합니다!!!! 민주당 딴 생각 중이라면 정심차리세요!!!!! 조국수호 검찰개혁💙💙💙💙💙,3.37,57.16,39.47,부정
난 이낙연 100퍼 찍어요 ㅎㅎ. 자한당은 나경원.황교안 조합 이대로 계속 가길. ㅎㅎ 제발 바란다,1.75,62.0,36.25,부정
내년 총선에서 더불어민주당에 싹슬이 패배를 안겨 줘야한다.,21.74,40.19,38.06,부정
내년 총선은 이낙연 총리 체제로 가야 이긴다.,27.6,38.33,34.07,부정
내로남불 꼭두각시 총리의 한계 이구만!,12.84,50.99,36.16,부정
내로남불 꼭두각시 총리의 한계 이구만!,28.86,36.79,34.35,부정
노노낙연,31.3,40.55,28.15,부정
눈치총리,26.93,40.04,33.02,부정
능글능글 능구렁이 이낙연,8.68,48.98,42.34,부정
다만,31.1,36.63,32.27,부정
다선의  국회의원과 도지사 등을 역임한 분을,17.5,44.01,38.49,부정
다음대통령 이낙연 이낙연,9.94,58.69,31.37,부정
답답,29.89,37.5,32.61,부정
당근이지   총리님  아무쪼록  잘 하시어서  차기 대통령 꼭 되십시요   화이팅♡♡♡,10.76,49.42,39.82,부정
대권~~이낙연~황교안~ 대결,0.09,71.94,27.96,부정
대통령은 국민의 대표이지...왕이 아닙니다. 이낙연 총리 아저씨.,24.15,49.11,26.74,부정
대한민국 총리님도 독대하고.,1.49,51.5,47.02,부정
대한민국정치판이 큰소리뿐이고 시끄러운데 오직 이낙연총리만이,15.5,44.66,39.83,부정
더움앤이낙연댜통령  그다음앤조국댜통령  향복하다..자한당떨거지인물이없내 ㅋㅋ,14.23,44.65,41.13,부정
데일리안도  총리 저부  이간질짓인가  뭘 놓아주지않아 다 시간되면  계획이 있는거지,38.38,39.15,22.47,부정
돼지열병 확산 안되는것만으로도 이낙연 총리님 포함 관계 공무원들께 감사한 마음입니다.,1.42,62.21,36.37,부정
돼지열병 확산 안되는것만으로도 이낙연 총리님 포함 관계 공무원들께 감사한 마음입니다.,1.5,60.25,38.25,부정
똑바로 하시요 총리님!!!,30.1,44.88,25.02,부정
리얼미터 무능력한 황교안이 데리고 놀고 있으니까 재미있냐  우파 결집의 최대 걸림돌이 황교안입니다 문재인이 이렇게 개ㅇㅇㅇ쓰레기로 만들고 있는데 지지율이 이게뭐냐 얼마나 무능력하면  자한당 잡탕당 이데로는 필패입니다 우파에는 지도자가 필요합니다 우파 최대주주인 박근헤대통령을 인정 안하는 정당이 누가 우파레  소액주주도 못되는 황교안 김무성이 전광훈 목사하고 노니까 재미있냐 역사의 죄인이 될것이다,37.31,38.25,24.44,부정
ㅁㅊ,24.86,44.18,30.96,부정
만약 민주당 대선후보로 이낙연이 출전하면 필패다,11.52,45.25,43.23,부정
멋진 이낙연 총리님~ 인품도 뛰어나시고 정말 존경합니다^^,0.01,81.99,17.99,부정
멋집니다. 이낙연 국무총리님 그리고 이낙연 대통령님.,0.14,64.93,34.93,부정
무골호인 문재인,9.76,56.17,34.07,부정
무골호인 문재인,2.29,56.54,41.17,부정
무난함이 총리의 최대 강점^^,28.81,38.15,33.05,부정
문재인 ,0.07,61.06,38.87,부정
문재인  고발 사건도 마찬가지다,0.02,77.17,22.82,부정
문재인  대통령은 뭐하시나?,0.14,79.95,19.91,부정
문재인  의혹1] 문재인과 유병언 그리고 세월호 그들의 물고 물리는 함수관계 https://t.co/Gi6qgNiwH4,0.04,77.22,22.74,부정
문재인  주변에 총리할 인간이 없는거지 울며겨자먹기로 하는일없이 자리만  지키는거지 문재인 탄핵까지 걍 있어라,0.09,67.44,32.47,부정
문재인 +이낙연+조국 이낙연씨도 털어봐라  !,0.02,69.66,30.33,부정
문재인 같은 놈 밑에서,0.5,60.3,39.2,부정
문재인 과 일통 ,0.01,61.3,38.69,부정
문재인 단물 다 빠져가는데,0.02,57.0,42.98,부정
문재인 대타 사과 충리 하느라 고생 많네.. 나라 개판으로 만든 대통령과 청와대는 이벤트만 하고..,0.88,64.57,34.54,부정
문재인 대타 사과 충리 하느라 고생 많네.. 나라 개판으로 만든 대통령과 청와대는 이벤트만 하고..,1.2,70.24,28.57,부정
문재인 대통령 임기끝날때까지 총리  임기 마치고  문재인 대통령 퇴임후 차기ㅈ대통령 후보로 츨마 하세요 꼭 당선 확률 100프로다,0.79,65.19,34.03,부정
문재인 대통령께서는 ,0.15,67.17,32.68,부정
문재인 대통령님께 조국 떼내고 이번에는 이낙연 총리님 마저 떼내려고 이간질하기는.,0.24,64.37,35.39,부정
문재인 대통령의 타이밍이란 것이 뭐든지 항상 너무 늦다는 게 문제인듯...,0.21,68.73,31.05,부정
문재인 대통령이 왜 정시 확대를 강조했는지 그 의미를 생각해야 한다,0.16,84.4,15.44,부정
"문재인 딸도 조사하고,",0.1,52.88,47.01,부정
문재인 때문에 우리조국은,0.1,73.89,26.01,부정
문재인 망할때까지 해쳐드세요  하는일이 뭐가 있다고 궤난리지,0.05,78.34,21.6,부정
문재인 맞아 죽을 까봐 행사를 총리 한테 시켜 놓고 들어 앉아 있는가봐!!,0.12,76.01,23.87,부정
문재인 뭐냐? 천황이라니? 미쳤냐? 텐노 헤이카 반자이! 외치고 수류탄 터뜨리고 OOO라.,0.1,86.17,13.73,부정
문재인 및 이낙베 OUT,0.05,66.9,33.05,부정
문재인 본인의 책임을 벗어날려면 조국겨좌,0.05,62.43,37.52,부정
문재인 본인의 책임을 벗어날려면 조국겨좌,0.05,62.18,37.77,부정
문재인 아들,0.24,64.36,35.41,부정
문재인 아들,0.24,64.36,35.41,부정
문재인 이해찬 조국 손혜원 욕먹느라 소홀해진분.,0.03,76.34,23.63,부정
문재인 정권 자체가 적폐가 되는 현장을 목격하고 계심다...,0.09,77.08,22.83,부정
문재인 정권의 끝은 어디까지 추해질까?,0.06,75.2,24.74,부정
"문재인 정부  발목 잡는  야비한 한자당은   해체  모여라 / 이명ㅂ 박근ㅎ  2명 구속에서 /  무조건 정부 정책  발목 잡는다  /일잘하는 암소(문) 에게  박수 보내자 /나라 다운 나라 를 재창조하자 /  구태검찰 제왕 같은  검찰청법 형소법 반드시 개정 /  신검찰로 만들자 /절대검찰 /공짜 없다 /  재벌에서 30년간 떡값 받은돈 88% 국고에 반납 /나.,주,황 씨외 사죄하라 /  Ap.연합 통신 KBS ,MBC  자유 기고가 법철학자  국제  평화대사 드림",0.27,82.84,16.89,부정
문재인 정부가 억지로 끌고가니 이낙연이 버티지 진작 그만두고 농사나 지으시지....,0.36,83.75,15.9,부정
문재인 정부는 거짓말과 쌩쑈로 시작해서 구라와 사기로 끝난다.,0.07,87.57,12.36,부정
문재인 정부에서는 이둘만 일하는게 아닌가싶다.,0.07,80.4,19.53,부정
문재인 조국  이낙연 다까보자   ,0.06,70.94,29.0,부정
문재인 종리 당대표 모두 바꾸어야 민주당산다 전멸이다 이정도면  총리도 함세해서 나경원을 잡겠다 이건데 나경원아이들은 공부머리 있는 아이들이다 니들처럼 남속이는짓 안한다,0.13,85.68,14.19,부정
문재인 처럼 안보관 국가관 역사관이 없는 대통령이 더 이상 안나왔으면 좋겠다...,0.03,86.74,13.24,부정
문재인 탄핵!!!,0.15,62.21,37.63,부정
문재인 하수인 무능력한  이낙연 씨를 파면하라.,0.09,82.98,16.93,부정
문재인 하수인생이 불상타,0.03,66.83,33.14,부정
문재인 하야 &amp; 조국 사태 1000만명 서명 운동에 동참합시다 www.1000mansign.com,0.12,81.17,18.71,부정
문재인 한테 똑부러지는 소리도 못하고 빌빌싸는데,0.16,77.75,22.09,부정
문재인-정부-최장수총리--,0.72,74.39,24.89,부정
"문재인, 조국 부터 까는 게 도리지, 약하다고 먼저 까라고 하면 되나?",0.05,93.34,6.61,부정
문재인..이낙연..조국..입은 공자님 찜쪄먹네...,0.01,58.03,41.96,부정
"문재인.대통령직은 너무너무큰기대였다.차라리 검찰총장해라 겉과속이너무다른이중인격자.범죄자.^^조국^^이라는하는 똘아이 수준 범무부장관임명.국민들을길거리로. 청와대앞도로 노상에서 국민들 철야 쌩고생시킨죄.마음의진정성.사과없이. 하긴?그능력 또한전무한자이다. 박근혜뒤.따르는 불통,체인지코트깜방행될것같다.즤시.하야.",1.84,50.2,47.96,부정
"문재인과 조국, 이낙연, 당신들은 공산주의 사상을 가진",0.52,54.18,45.3,부정
문재인대통령 이후 차기 주자 죽이기하는 자일당 놀아나지말자,0.07,90.97,8.96,부정
문재인대통령 지지율도 여당지지율도 대폭 올랐습니다. 국민 믿고 일하세요. 개싸움은 우리가 합니다.,0.61,64.95,34.44,부정
문재인대통령께서 천황이라면 천황인거지 말들만네 자한당떨거지들,0.13,82.83,17.03,부정
문재인대통령은 비판하면서,0.36,64.47,35.17,부정
문재인도 너보다는 낫겄다 ,0.02,75.14,24.84,부정
문재인보단 이낙연이 그나마 낫다,0.01,60.98,39.01,부정
문재인부터 조사해라.,0.22,79.24,20.54,부정
문재인부터이낙연이인영참모들 사고가 마음에안드네ㆍ국민들보다는 자기네들 집권을위해서 이나라가존재하는듯,0.1,86.43,13.48,부정
문재인씨 한때 큰소리치더니 결국은 항복♡,0.83,61.57,37.6,부정
문재인씨딸 해외도피의혹,0.08,77.29,22.63,부정
"문재인아웃, 문재당아웃!!",0.03,81.62,18.35,부정
"문재인아웃, 문재당아웃!!",0.03,81.62,18.35,부정
문재인에게 과분한 사람,0.07,68.48,31.46,부정
문재인에게 아부하느라 환장햇구만. 조국이 저모냥이니 다음 대통령 욕심나냐. 이런건 통일되고 해도 충분하다. 통일이 먼저고 통일하려면 경제발전만이 답이다. 경제발전이 없으면 평화도 없다.,0.06,85.79,14.14,부정
문재인은,0.11,63.0,36.89,부정
문재인은 검찰개혁할려고 대통령됐나?  너희들  재집권에필요하겠지 우리에겐 경제와안보가  중요하다  제발  먹고살게 좀해주라 힘들어못살겠다,0.09,77.64,22.26,부정
문재인은 국제사회에서 버림받은 대통령임,0.06,65.12,34.82,부정
문재인은 만만한 동남아나 동구나 쏘다니고.,0.09,70.19,29.72,부정
문재인은 바보,0.13,64.35,35.53,부정
문재인은 하야해라,0.19,65.95,33.86,부정
문재인은 한입거리도 안되는거죠,0.06,65.76,34.18,부정
문재인을 찍었던 20후반 직장인입니다.. 경제 안보 조국 등 요즘 나라 상황들을 보면 비상식적이고 정말 이해가 안갑니다 보수 쪽에서 말하는 것처럼 이러다 정말 공산화 될것같아서 불안하구요.. 문재인 찍은것을 진심 후회합니다..,0.05,91.58,8.37,부정
문재인을 탄핵하자,0.05,77.67,22.28,부정
"문재인의 대선공약 1, 국민이 하야 요구하면 광화문에 나간다. &gt;&gt;&gt;. 10.3일 5백만국민이 문재인 하야를 외쳤다.  &gt;&gt;&gt;&gt;$ 문재인. 반응  ;1, 기억이 나지 않는다  2, 전혀 사실이 아니다.   @@@. 완벽한 조국이 따라하기. 성공에 막걸리 퍼마시고 있을 듯.",0.09,50.26,49.65,부정
문재인의 생각이 바뀌지 않는 이상 악화의 방치는 계속될 거다. 이낙연 당신은 들러리일 뿐이야. 물론 일본도 이 사실을 잘 알고 있고,0.16,50.87,48.97,부정
문재인이 .인재풀이 이리. 빈약 할줄ㅣ야.,0.08,70.03,29.89,부정
"문재인이 가도 될게 없는데, 허세 총리가?",0.08,73.75,26.18,부정
문재인이 가서 담판을 지어야지....,0.02,81.64,18.34,부정
문재인이 개,0.08,78.95,20.98,부정
문재인이 똥싸고,0.03,82.21,17.76,부정
문재인이 먼저 꼬랑지 내리고 친서를 보냈으니,0.03,79.55,20.42,부정
문재인이 먼저 일본에게 동맹아니라고 그래가지고 일본이 그래 이제 동맹아니니까 동맹국 혜택ㅡ화이트 리스트 제외하자 라고 했지. 누가 먼저 잘못하고 문재인이 그렇게 하면 당연히 예견할 수 있는 결과 아니었음? 한 국가의 수장이고 국민을 대표한다는 사람이 하는 말에는 엄청난 파장이 있다는 걸 예상 안했냐? 왜 당신이 잘못하고 왜 국민들에게 일본이 잘못했다고 일본 불매하자고 정치공세? 오히려 도둑질하려던 놈이 몽둥이 들고 화내는거 진짜 우습지 않음? 18,0.07,89.51,10.42,부정
문재인이 못하는말 이총리는해야한다  국민정서는 지금매말렀다,0.05,83.62,16.33,부정
"문재인이 유력 차기 대권후보자들을 다 제거해서 어쩌려는 거지?하나 남은 유시민은 살려고 아부떨고 있는데 대선후부감이 되냐?좌파가 내부싸움으로 몰락할 줄이야,,문재인이 정통좌파가 아니라서 감이 없고 시기심이 많은 게 도움이 되긴 하는구나",0.09,86.27,13.64,부정
문재인이 조국을 놓지 못하는 이유 : 3년 정권동안 적폐라는 포장된 권력으로 수많은 원수를 배출했다. 따라서 퇴임 후 자신을 굳건히 지켜 줄 인물이 절대 필요한데 최고의 지지를 받고있는 이낙연총리는 스스로가 신임을 얻어 낸 인물이다보니 자신을 지켜주지 않을것이 같으니 자신이 직접 키우려  조국을 찜 했을것이다.따라서 조만간 이낙연은 낙동강 오리알을 만들고 차기 대선주자로 조국을 부상 시킬것이다. 조국이 정권잡으면 어떤일이 있어도 과연 안전을 지켜줄거란 생각은 너의 생각일 뿐이고 역사적으로 보아 배신은 배신을 낳고 악은 벌을 받더라,0.46,90.51,9.03,부정
문재인이 직접 가서 사과해라.,0.08,71.22,28.7,부정
문재인이 한테 빌빌 싸는 수준에 무슨 성과를 기대?,0.04,90.13,9.83,부정
문재인이 헝클어 찢어발겨놓은 나라의,0.04,76.85,23.11,부정
"문재인이는사과한마디안하는인간,,총리가사과하니,,좀배운사람이구만,,재인이는싹수가노랗다",0.19,79.81,20.0,부정
"문재인이는사과한마디안하는인간,,총리가사과하니,,좀배운사람이구만,,재인이는싹수가노랗다",0.14,81.15,18.71,부정
문재인이라면..가능한 이야기다,0.05,70.78,29.17,부정
문재인이랑 조국도 임기 끝나면 감방 직행이다. 그네랑 순실이처럼,0.05,84.52,15.43,부정
문재인이사과해야는거  아닌가?,0.03,78.87,21.1,부정
문재인이사과해야는거  아닌가?,0.02,83.43,16.54,부정
문재인정권 후반기 중반쯤에 그 때 생각해봅시다.,0.06,85.1,14.84,부정
문재인정권과 민주당에 화가난다 욕이나온다 그러나 참을뿐이다 대한민국 국민이보고 듣고알고있다 수많은비리를덮고 지지하고 선동하고 기만하고 과연 어디까지 갈수있는가민주당일부언론 집단적패거리들 난장판 서울시장까지 나서는구나누가 대한민국국민인가 문재인인가 박원순인가 참 개같은 집단이로구나 김어준 주진우 유시민 등다수가 대한민국 민주화를 떠벌리고 이젠 선동자가되여가네 추잡한짖도 유분수이지 대한민국국민이 탄핵한다,1.93,82.75,15.32,부정
문재인정권은 왜 조국 휴다폰 압수수색 하도록해라,0.08,88.5,11.41,부정
문재인정권은 왜 조국 휴다폰 압수수색 하도록해라,0.09,88.42,11.49,부정
문재인정부가 잘되면 안되지,0.28,74.37,25.34,부정
문재인정부는 반드시 검찬개혁을 이뤄내서 성공한 정부로 기억되게 하라!,0.13,83.3,16.57,부정
문재인정부는 일본하고는 안볼듯하더니,0.08,83.68,16.24,부정
문재인정부는 친일에 친북에 아주 국민들이 싫어하는 짓만 쳐골라하고 있었네 ㅎㄷㄷ하구만,0.11,87.99,11.9,부정
문재인정부에 총탄질.,0.17,77.02,22.81,부정
문재인정부에서 좀더 적극적으로 방어를 해주고,0.21,65.47,34.33,부정
문재인정부에서 좀더 적극적으로 방어를 해주고,0.29,60.23,39.48,부정
문재인지지자들아 뭐하러 불매운동같은뻘짓들한겨??,0.08,87.31,12.62,부정
문재인하고 같이가면ㅓ폭 망한다,0.0,66.18,33.81,부정
문재인하고 민주당하고 니들지지하는 18프로만 보고 계속 정치해라.그 결말은 처참할것이다.,0.02,57.6,42.38,부정
문재인한테 한번 속았는데  내가 또속으면 대깨문이지  이젠  진보의 탈을 쓴 무능한 썩은 기득권 좌파틀딱 은  절대 안뽑는다  오직  대한민국  부국강병에만 힘쓰는 유능하고 안보관 확실한 사람에게 표줄거다,1.02,75.68,23.3,부정
문정권 중 가장 잘뽑은사람 이낙연. 역대 총리중 일을 제일 잘한다 .,21.19,42.81,36.0,부정
문체부,20.19,46.66,33.16,부정
물러터진민주당ㅅ끼들,11.46,52.6,35.94,부정
물러터진민주당ㅅ끼들,7.98,48.82,43.2,부정
미사일을 미사일이라고  말도 못하더니 범죄자를 범죄자라고 말하지 못하는 기막힌  현상,36.51,58.42,5.07,부정
민주당  게엄령은 특검가야합니다,0.05,94.41,5.54,부정
민주당  시래기당  꿈도 아무지네  무능하고  섞고  자슥들  비리  조사시작해라  끌어  내리자,0.24,92.95,6.81,부정
민주당  자슥들아,0.1,87.07,12.83,부정
민주당 공기업 낙하산  인간부터 조사 하고 국회의원 들 조사 하자!,0.11,94.77,5.12,부정
"민주당 국회의원들은 비전문가들이다. 총리에 정치인들 앉히는 것 그만해라. 청와대 비서진, 장관, 총리 할 것 없이 모조리 정치인이라 나라 망하는 중이다. 제발 어디서 이상한 비주류 데려오지 말고 정직하게 일하고 정직한 경력 쌓은 전문가를 데려와라. 도대체 이 정권은 상식이라는 것이 있는거냐 없는거냐.",2.78,81.15,16.07,부정
민주당 놈들 싸이코 패스들 수두룩한데 소귀에 경일기기 입니다.,3.21,69.55,27.24,부정
"민주당 대선후보로 지지하고 있었는데.. 실망ㅜㅜ물론 성추행, 문화재훼손 철저히 조사해야죠! 하지만 민중흐름을 보고 이시기에 반성할건 반성해야지..왜 트집잡는 느낌을 주는건가요?",4.83,84.9,10.26,부정
민주당 대표 유시민 앉혀라. 재미있겠네.,1.05,80.6,18.35,부정
민주당 똑바로해라  ♪~♩♩♪♪,0.51,82.16,17.32,부정
"민주당 멍청한 것들이 포용 통합으로 가면,",0.18,83.7,16.12,부정
민주당 무능해서,0.14,64.34,35.52,부정
민주당 비리부처 제대로 캐주십쇼 이인간들 정신 못차렸구나ㅎㅎ,0.38,91.42,8.21,부정
민주당 빼고 어느당이든 나라 망하게 하는데 일조한 홍위병들 묻어버린다는 공약 걸면 무조건 뽑는다. 일베충보다 더 역겨운 놈들 제발 쥐도새도 모르게 사라졌으면 좋겠다,0.23,94.29,5.48,부정
민주당 뽑는 순간 또 정으니한테 다 갖다 바칠게 뻔한데 니들 이젠 수작 그만부려라.,0.17,90.85,8.98,부정
민주당 생각해 본다,0.71,78.39,20.91,부정
민주당 세게 나가라,0.19,88.25,11.56,부정
민주당 순종이 아닌 이낙연을 키워줄리 없지 이낙연도 줄 잘서야 할텐데 쓸데없이 토사구팽되지 않으려면 국민들 여론에 줄서야 할거다,0.74,89.9,9.36,부정
민주당 스파이들 짓거리,0.18,86.72,13.1,부정
민주당 심판!!,0.38,69.72,29.9,부정
민주당 써벌넘들은 무조건 OUT,0.1,93.84,6.06,부정
"민주당 쓰레기들,,점점 더 쓰레기가되어간다,,작작 좀해라",0.84,91.66,7.49,부정
민주당 아닌 준석이가 무슨 자격으로 총선 검증 왈왈대지 ㅋ 네 미래나 걱정해라,1.7,91.53,6.76,부정
"민주당 아직도 정신 못차렸네. 조국때문에 장관하기 힘들게 나라가 된게 아니라....조국이 되었으면 아무나 장관해도 되는 나라였던 거다. 역대 최악의 장관후보자였다. 니들 여당때 봐라. 대법관 출신이 수임료 높다고...교회에서 종교적으로 말한거 가지고 다 퇴짜놓았다. 그런거야말로 진짜 암것도 아닌거지. 조국은 진짜 어이없는 불법적인 사항, 비도덕적인 상황이 많았지.",0.29,93.36,6.35,부정
민주당 얼마나 인재없으면.?,0.12,89.18,10.7,부정
민주당 이낙연이 차기 대통령으로 선정된다면,0.0,63.5,36.5,부정
"민주당 이놈들아.너희는 이런 정치 시나리오 알고 대비는 하고 있냐? 너희 하는거 보면 불안하다,불안해.",0.35,93.77,5.88,부정
민주당 이미 끝났어.,0.35,78.51,21.14,부정
민주당 이젠 언론까지 통제하나? 내가 뽑은 문재인때문에 독재국가됐구나..이제 더는 안 속아!!,0.24,93.26,6.49,부정
민주당 인간들 모두가 싫다 오지마라,0.53,78.97,20.5,부정
민주당 잡것들 이젠 다 꼴도 보기 싫다!자한당에서 나은 놈이나 민주당에서 나은 놈아님 무소속 찍을란다!민주당도 종북신념 버리지않으면 절대 다음 총선 살아남기 힘들다.자한당이 더럽다고 더 더럽고 사상까지 불순한 니들을 뽑을순 없으니 국민들도 우울하다.,0.33,88.16,11.51,부정
민주당 절대 안됩니다,0.62,86.92,12.46,부정
민주당 조국과 함께 사라지다,0.98,86.41,12.61,부정
민주당 좀더 강하게 하세요!! 신사적인 방법은 신사에게만 하세요!!!,0.43,78.57,21.0,부정
민주당 좌빨들 진심 내로남불의 끝판왕이다. 김정은이 보다 더한넘들이랑  이나라에 살고 있었네,0.33,89.79,9.88,부정
민주당 주특기다,0.08,83.32,16.6,부정
민주당 진보란 것들은 사과는 절대 없나보다. 국민이 개돼지로 보이지?,0.1,95.85,4.05,부정
민주당 차기대통령의  조건을 잊지말자,0.14,84.57,15.29,부정
민주당 친일파 새까,0.12,83.96,15.92,부정
민주당 평민당 대안정당 수도권 의원 정신차려라,0.1,90.27,9.63,부정
민주당 폭망한다.,0.28,82.78,16.94,부정
민주당 폭망한다.,0.28,82.78,16.94,부정
민주당 푸락치가 한짓이지,0.16,89.9,9.94,부정
민주당 홧팅,0.11,56.6,43.29,부정
민주당 후보는 절대 안된다 두고봐라,0.09,93.24,6.67,부정
민주당 후보로 유영철/고유정이 나와도 뽑을 사람이 10%는 되겠군...,0.11,96.29,3.59,부정
"민주당, 좋은 인물이 너무 많아서 누굴뽑아야할지...기분좋은 고민.",1.08,72.21,26.71,부정
민주당. 대한민국이 우습게 보이냐? 너희 패거리만 잇으면 권력이 유지된다고 생각하냐?,0.13,92.91,6.96,부정
민주당.조국가족수사에할말없으니까,0.04,91.19,8.78,부정
민주당200석 이상되야,0.05,81.24,18.72,부정
"민주당6명, 자한당3명 넣고 무슨 대선 여론조사냐? 대선할때 당 하나에서 후보 6명 내보내냐? 실제론... 이낙연 46.2% vs 29.6% 임",3.68,87.34,8.98,부정
민주당과 정부는 너무 물러 터졌다. 그러니 검찰과 언론 자한당에서 계속 우습게 본다. 참 한심하네.,1.51,71.93,26.57,부정
민주당과 정부는 너무 물러 터졌다. 그러니 검찰과 언론 자한당에서 계속 우습게 본다. 참 한심하네.,1.04,71.04,27.92,부정
민주당과 좌파들만 조사하면 이낙연이 1 위되는거야?,2.68,68.77,28.55,부정
민주당과 청와대에 완전히 실망했다. 말만가지고하는정치. 온갖 좋은말은 다끌어다 쓰더니만 행동은 개차반이고. 위선떨고 .거짓말은 밥먹듯이하고. 국민들을 개무시하고. 범죄자를 법무장관시키고 이웃나라와는 원수지간이되게만들고. 동맹국가와는 신뢰가 완전히깨져버렸고.경제상황은 엉망진창이고. 희망이안보인다.  잘나가던 대한민국이 왜갑자기이렇게 되었을까요?  무능한 문재인 때문 이겟죠? 자유민주주의국가를 무너떠릴생각만하고있으니까 잘될리가있겠나,7.59,66.1,26.31,부정
민주당넘들하는짓거리가할일도되게없는듯,0.06,88.42,11.52,부정
민주당도  투사가  되어라,0.04,91.57,8.39,부정
민주당만 보고 무조건 지지하는  한심한 사람들이 있지...ㅎ,0.5,83.58,15.92,부정
민주당사람들   인정할줄모르고 끝까지 국민들을 바보로알고있군 국민들이바보아닙니다 문정권들이저렇게 나온다면 문제인탄핵이답입니다 문제인탈핵으로가봅시다   아닌것을 합리화시키는 문정권들 다치워라   국민들을더 자극시켜서  좋을건없다  문제인탄핵갑시다,3.49,76.28,20.22,부정
민주당시끼는 꺼져!!!!! 삼라만상!!!! 문씨조씨이씨 다 해쳐먹으면서  언론으로 국민들 속이고 세상을 쥐락펴락하려는 느그 민주당 한통속!!!!!! 꺼져!!!! 나???  자한당 치 떨리게 싫은사람!!! 근데 느그 민주당. 토나와 국민들 세금받이 만드는 개차반!!!!,0.3,92.07,7.62,부정
민주당에  이총리말고  사람이없잖아   전부 좌익 빨갱이들인데,0.15,92.65,7.2,부정
민주당에는 능력있는 대권주자가 ,0.35,89.31,10.34,부정
민주당에서 문재인 버릴수도 있겠네..하여튼 문재인 쌩양아치여,0.05,87.22,12.73,부정
민주당에서 성추행 작전했지,0.17,79.2,20.64,부정
"민주당에서 전라도 출신은 내보내지 않습니다. 이유는 잘 아시잖아요? 무조건 부산, 경남쪽 인물로 출마시킵니다. 그래서 조국에 올인한건데... 또 모르죠, 조국이 대선때 나올지도....",0.48,95.39,4.13,부정
민주당은  나경원  특검  안하는거냐 못하는거냐,0.34,84.02,15.64,부정
민주당은 공수처설치법안 국회통과에 집중하세요!!! ,0.25,89.01,10.73,부정
민주당은 그 누구보다 일본을 좋아하는 친일파면서 왜 아닌척 하는걸까,0.18,89.19,10.62,부정
민주당은 그나마 이낙연이가 제일 괜찮은거 같다. 문대통령게 바른 말도 하는 사람 아닌가. 경제나 살리는 방도좀 마련 하시요.,0.66,88.01,11.33,부정
민주당은 나베 특검 강력하게 밀어 부치세요! 하루에도  수십번 언급하세요!,0.44,83.51,16.06,부정
민주당은 나씨  아들 딸 비리  특검하자 때를좀써봐라,0.41,84.58,15.01,부정
민주당은 안 찍어요 총리자리가 낫지요,0.23,82.49,17.28,부정
민주당은 앵간히 좀 감싸세요. 지금 문제의 본질이 뭔지 몰라서들 이러시는건가요?? 정권을 지키고 싶은 마음은 알겠는데 적당히 좀 하세요 아닌건 아니라고 말하는게 진보아닌가요??,1.42,84.63,13.95,부정
"민주당은 이해찬좀 어케 해봐...,",0.15,83.32,16.54,부정
민주당은 패스트트랙 표결 때문에 나경원 특검까진 못할듯,0.29,84.04,15.67,부정
민주당의 영구집권을 위하여 이낙연 총리를 충분히 써먹어야 한다.,0.28,53.97,45.75,부정
민주당의 총리인가?,0.02,63.94,36.04,부정
민주당의원들이 지들 밥그릇 찿겠다고,0.45,90.14,9.41,부정
민주당의원들이 지들 밥그릇 찿겠다고,0.37,89.74,9.89,부정
민주당이  망해가는이유~   ,0.07,89.64,10.29,부정
민주당이 망하려고 작정했나 보구나!,0.1,92.85,7.06,부정
민주당이 싫어지지만 대권 밀고싶은 유일한 사람이다.,0.08,86.6,13.32,부정
민주당이 어린 네놈이 생각하는대로 그리 멘탈이 떨어지는 자유왜구당 같은 쓰레기 집단인줄 아냐?,0.17,97.17,2.66,부정
"민주당이 지자체장, 정부 다 장악하니까 나라 꼴 개애애애판. 앞이 안보이는 암흑 수준이데 아직도 선심성 예산폭탄 안해준다고 징징징.  그네가 예산 펑펑 쓴다고 ㅈㄹ하더니. 2년연속 9%인상  슈퍼예산. 이미 한전, 건보는 적자, 국민연금은 빵구날 예정이라 또 인상한다며?",0.96,94.93,4.12,부정
민주당이라 중립은 없구만 왜 옛날에  박근혜 탄핵때 버스에 방화하고 그런애들도 잡아가라고 말좀해주지 그때는 입닥치고있더니 ㅋㅋㅋ,0.77,92.7,6.53,부정
민주당자작극 같다. .집회불법으로 몰아갈라고. .원래 그런거 전문이잖아,0.19,86.78,13.03,부정
민주당ㆍ정의당  시래기당  자슥들 비리  조사해라  탄핵 가자,1.0,88.14,10.86,부정
믿음직한 총리님,2.47,51.52,46.01,부정
병풍총리는 빠져라,10.01,45.8,44.19,부정
분명 자한당하고,3.63,53.6,42.77,부정
비리의 안식처 자한당,35.44,45.83,18.73,부정
뻘건 총리,3.61,54.21,42.18,부정
사기꾼 이낙연이....11시간 동안 압수수색했다고????개처럼 짖고싶나보네.,16.27,56.56,27.17,부정
서민 총리님 이시네요!!,29.94,35.5,34.56,부정
서초집회  더불어 공산당이 시킨거잖아 버스 대절 까지하고  왜  너희는 돈 나가는데  어르인들은 자비로  오니 샘나냐,3.24,58.53,38.23,부정
속보같은   이총리님의  반가운  말씀입니다   !,20.32,55.1,24.59,부정
속지마세요 총리마저 실망입니다 처음집회 참가했지만 많은인파에 힘들었지만 짜증내지도않고 오로지 한마음이었습니다,9.56,50.81,39.63,부정
수소버스 ,17.31,44.45,38.24,부정
숟가락총리답다,26.28,40.13,33.59,부정
스마트한 국민의  심복입니다,8.91,50.21,40.89,부정
신기한게 이낙연 아들도 부산의전 출신 어디서 정보를 얻었는지 믿고 거를 부산의전,9.67,46.66,43.66,부정
심핀하자 황교안은 군대도 안간 인간이다,20.03,66.22,13.75,부정
씹,33.42,38.83,27.75,부정
"아베는 사실 이총리 급도 아니고, 딱 나베 급인데.. 이낙연총리님 역시 관대하시네",16.02,51.11,32.86,부정
아베도 좌파 문재인을 깔보고 무시한다,33.44,49.64,16.92,부정
아베도 좌파 문재인을 깔보고 무시한다,15.64,61.6,22.76,부정
아씨,26.04,43.9,30.07,부정
아씨,32.17,35.73,32.11,부정
암튼 이총리님 자한당의 시덥잖은 테클에 사이다 발언으로 맞받아치기 최고!!!,1.49,52.72,45.79,부정
어머,33.83,35.4,30.77,부정
어우 난 이낙연 총리님 너무 맘에들어,1.02,63.15,35.82,부정
어이 이낙연이  홍어 전라디언 표정 참추려고 고생많어,18.65,48.93,32.42,부정
어짜피 이낙연은 패이스메이크라고 대다수가 생각하는데 나도 동감이다. 사실 이낙연 나오면 한국당이 아주 쉽게 이기기는 할거다. 그래도 이낙연은 꿈이 있으니 열심히 할거다.,8.91,46.23,44.86,부정
여니 총리님 사랑해요~ 정말 열심히 일만 하시는 분!,0.79,51.61,47.6,부정
역대 정치와 고위직으로 존중한 총리 입니다,5.73,59.84,34.43,부정
역대급 총리님이세요~♥,33.13,34.1,32.77,부정
역대최고 무능한이낙연총리   허수아비 총리,0.19,62.24,37.56,부정
역사에 가장 추잡한 정당은 더불어민주당!,1.79,49.17,49.04,부정
역시 여유있고 훈훈하고 과감성과 판단력을 가진 이낙연 총리는 최고입니다. ,1.13,58.26,40.61,부정
역시 우리 이총리 멋지시다,3.03,55.87,41.1,부정
역시 우리 총리님!!!,1.34,53.57,45.09,부정
역시 이낙연 총리~~,0.03,70.46,29.51,부정
역시 이낙연 총리님! 믿음직스럽습니다. ,0.09,71.71,28.2,부정
역시 이총리 말씀 잘하시네!!,13.94,47.16,38.9,부정
역시 이총리님 ^^,15.97,49.65,34.38,부정
역시이낙연총리,0.08,67.66,32.26,부정
역시이낙연총리,0.08,67.66,32.26,부정
염치 없고 후안무치 자한당,35.49,42.63,21.89,부정
예전의 이낙연은  어디 있냐?.  민주당에 들어가면  엿날의 모습은 찾아 볼 수가 없는 게  ....,30.52,39.82,29.66,부정
예초부터 검찰들은 자한당 끄나풀들이 너무 많다.,31.15,43.96,24.89,부정
오 !!!  낙연이형  전투태세 왼료 ??? 국개가 잘못하면 면책이아닌  가중처벌받아야 한다고 생각하는 유일한분 !!! 그래서 국개의  수준도 높이고 ... 개쪽까튼 면책특권은 아예 없애버릴 준비가 되어있는 분 !!! 특권의식도 적폐청산대상 이라는걸 알고 즉시 적폐청산 실행하실 분 !!! 국개얼굴에 깔린철판을 철거시킬 초능력을 가지신 분 !!!,26.61,44.74,28.65,부정
옳은소리못하는 이낙연총리 문재인 대통령앞에서,1.38,57.42,41.2,부정
외유내강의 이낙연 총리님  잘하고 계십니다!,0.61,49.76,49.62,부정
외유내강의 이낙연 총리님  잘하고 계십니다!,0.62,49.84,49.54,부정
요즈음 이낙연이 참 마음에 안들게 굴고 있네 짜증나게 일왕 즉위를 하던 말던 뭐하러 가는데 국민들한테 물어보라,10.15,46.28,43.56,부정
요즈음 이낙연총리님 밸런스 잃은거 같애. 조국 집에 여자2명만 있은게 아니고 변호사와 검사와 수사관 중에도 여자가 있어 4명에 변호사3명 개경심 아들1명 도합 6명에 압수수색에 검사1명과 조사관5명이 있었는데 제대로 알지 못하고 국민들 앞에 거짓말하고 11시간 수색시간도 개경심이 요청해서 정한 날에 압수수색도 방해하면서 영장을 재발부 받아오느라고 늦었는데 그것까지 후라이쳐서국민들 앞에 공갈놓고 과도하기는 삶은소대가리와 좃국이 과도하게 국력을 소실시키는데 수사가 과도하다고 국민들 앞에 공갈놓는 총리는 초록은 동색이라 거짓말집단이다.,4.6,52.34,43.06,부정
우리 총리님처럼 든든한 총리없었다.,0.6,60.24,39.16,부정
우왕좌왕,31.34,46.74,21.92,부정
윤떡렬,34.82,37.29,27.88,부정
응,28.47,37.95,33.58,부정
응 낙베,33.88,34.09,32.03,부정
응원합니다... !!! 총리님...!!,1.41,70.98,27.61,부정
이  총리님 ,23.9,48.16,27.94,부정
이 낙연 총리를,21.74,41.85,36.41,부정
이 총리 말씀이 하나도 틀린게 없다.,5.54,48.97,45.5,부정
이 총리가 일본 통이라고 하였는데 아니네요.,24.9,38.1,37.0,부정
이 총리님 권한이 있으니 할 건 하자구요,11.26,50.75,37.99,부정
이 총리님 얼굴도 차분하여 안심,11.68,46.48,41.84,부정
이낙   찌질하고   구질구질하게   더불어 ,37.32,37.68,25.01,부정
이낙연,0.12,69.15,30.73,부정
이낙연,0.12,69.15,30.73,부정
이낙연,0.12,69.15,30.73,부정
이낙연,0.12,69.15,30.73,부정
이낙연,0.12,69.15,30.73,부정
이낙연    이노마,0.03,83.26,16.71,부정
이낙연   그 징그러운  목소리깔고 또 헛소리   개소리   니 입만열면  역겨워    가짜뉴스  1인자     뒷돈빼서  목소리  성형이나  해라,0.26,91.14,8.6,부정
이낙연   대선 어림 없는 소리다.,0.06,85.51,14.43,부정
이낙연   아 웃,0.11,83.04,16.85,부정
이낙연   이  쓰레기구나ᆞ,0.02,88.94,11.04,부정
이낙연   정신나간 새끼   아닌가?  한심히다.,0.06,91.55,8.39,부정
이낙연   참 어정쩡  참웃기는  대한민국  민주당  인물들  바닥을 치는구나  사흘에  피죽도  하그릇   못먹어서   말소리도 겨우나오는  총리   참한심하도다,0.08,83.49,16.43,부정
이낙연   총리도   중립적    정치를 해야지   진영논리 적인   정치를 하고있다   이중인격 자  이기주의자    성품이 다분히   있다  조국자택   압수수색 할적에   여자  둘이있는  집안에   검찰 이  처   들어   갔다    확실히  모르면서    말하고  민주당은   대통령 감이라고   말하지마는   나는   자격미달이다 고생각한다    능글능글 맞게  정치한다  나중에  대통령되면  얼마나  민주당 을   두둔하고    끼고싸고   할지  답이   나온다  다음대,0.01,54.71,45.28,부정
이낙연  개국 총리 인지 .    기회주의자. 박력도없고. 살살이 삽살개.   당장  개소리 그만하고 ᆢ전라도 깽~    욕 듣지  말고 ᆢ,0.05,83.27,16.69,부정
이낙연  괜찮은 정치인이라 여겼는데 미꾸라지를 많이 삶아 잡숫고 전형적인 전라도인들이 하는  형태다 꼴보기 싫다 목소리만  깔아서 오징어 먹물만 한사발 드신듯,0.1,82.89,17.01,부정
이낙연  너도  우리나라  망치는데  한몫했다,0.06,81.39,18.55,부정
이낙연  대권 가려면 기회주의 하지마라꼼꼼히 챙겨본다,0.12,59.21,40.68,부정
이낙연  많은 인원이 나오니 배아파서 그러네,0.02,77.93,22.05,부정
이낙연  목에  깁스했냐?,0.01,87.64,12.36,부정
이낙연  목에  깁스했냐?,0.04,82.93,17.02,부정
이낙연  문재인하고똑같은정치하려고,0.0,83.38,16.62,부정
이낙연  박원순  자기들많에,0.09,68.9,31.01,부정
이낙연  박원순이 1순위가 될거다.,0.05,81.34,18.61,부정
이낙연  본 모습을 보니 거짓된 님의 모습에 요즘 이런걸  ~,0.11,88.88,11.01,부정
이낙연  실망!  이번 조국사태에서  보여준 태도에서  중립은커녕 가짜정보에  조국 감싸는모습 보고   야~  사람은  더~지켜봐야  아는구나  크게~ 실망했다  !!!!!!!,0.06,73.33,26.61,부정
이낙연  요즘  언론에  자주나오네,0.03,78.49,21.48,부정
이낙연  이식히도 완전 꼴통  반성할줄도 모르고 남탓만하고 자빠졌네,0.05,91.63,8.32,부정
이낙연  이양반도  물들어가는구나..좌파들..국민 여러분  힘들내세요  !!우리는   김정은과  살기 싫습니다 ...,0.11,90.6,9.29,부정
이낙연  총리가  대선  출마하면  무조건  찍겠습니다,0.0,90.04,9.96,부정
이낙연  총리는,0.01,67.86,32.13,부정
이낙연  함박도 우리나라 땅 아니라고 생각한다며? 완전 빨갱이 ㅅㅋ 얘도 조국 만큼 이상하다!,0.03,91.74,8.22,부정
이낙연 ... 이거이거 왜구쉐키네... 일왕한테 가서 굽신거릴거 생각하면  민주당 니들한테 토나온다.,0.05,88.57,11.38,부정
"이낙연 ""文대통령 표정 차분..일본 관계 등 보고드린"" 것은",0.09,88.17,11.74,부정
"이낙연 ""日, 약간의 태도변화 기미..아베 '교류 지속돼야' 말해""- 한 두번 속냐, 돼지염병 사기치지 마라! 아베한테 무슨 명령을 받고 왔냐? 불어라! 더 더 더!불어 명박이랑 친하게 지내래? 쥐새끼가 아베한테 전달한 한일해저터널 농협 공사대금 200조 안준데?",1.36,89.85,8.79,부정
이낙연 ~서초동땐 말없더니 기가친다 총리란 자의 인식이~~~성폭력 성추행은 민주당 단골메류인데???,0.01,75.53,24.46,부정
이낙연 1위 놀고  있네. 나이 쳐먹고 사실에 반하여 조구기 쉴드 치는 꼴   참 불쌍하다. 난 죽어도 그런 짓거리는 안한다,0.15,93.98,5.87,부정
이낙연 27.2% 대 황교안 21.6%라...,0.01,86.79,13.19,부정
"이낙연 가만히 있었으면 넌 다음 대통령이였을텐데, 조국 옹호한 순간부터 똑같은 놈이 되버림 ㅉㅉㅉ",0.05,84.54,15.41,부정
이낙연 갈수록 또라이가 되어가네,0.01,89.0,10.99,부정
"이낙연 같은 간신배가 총선에 나온다고, 자유한국당 입장에선 탱큐지!.",0.22,68.25,31.54,부정
이낙연 개소리 참..,0.89,81.9,17.22,부정
이낙연 거취는 ,0.04,73.12,26.84,부정
"이낙연 골 때리네, 검찰보다, 정경심을 믿는다??",0.06,87.37,12.57,부정
이낙연 구차한 자식아 넌 대선후보에서 영원히 아웃이다.,0.03,88.54,11.44,부정
이낙연 국무총리 외 ,0.04,75.53,24.44,부정
이낙연 국무총리 제발 부끄러운줄 아세요!,0.02,89.78,10.2,부정
이낙연 국무총리가 대통령이 되면 우리나라가 수렁으로 빠지는 지름길이다...이낙연이나 조국이나 다를게 없다고 본다.,0.13,80.34,19.53,부정
이낙연 국무총리가 차기대권 주자가 되어야하는 이유는 간단하다. 비노비문이기 때문이다. 더  이상의 설명이 필요없다,0.07,88.79,11.14,부정
이낙연 국무총리님이 대통령되시면  자한당  개검 몰살이다  문대통령님처럼 자비가업는분이시다 알아서 찌그러지길 바란다 자한당 개검들,0.12,75.88,24.0,부정
이낙연 그나마 중립성향을 가지고 국무총리로써 그자리에 걸맞게 공정한 사람이라 생각했다. 그런데 시간이 흐를수록 편향적인 사람이구나 싶다. 지난 민노총 시위때는 폭동에 가까운 행동에는 조용하더니 이번엔 엄중처벌을 말한다. 범법자는 엄중처벌 맞는 말이다. 하지만 범법자는 범법자대로 처벌하고 집회에대해 국민의 의중을 어떻게 생각하는지에대해서는 한마디도 없다. 그 집회에 대해 훼손하는데 급급한거 같다. 당신들의 이런 행동을 할수록 나락으로 떨어지지 않겠는가,0.25,88.61,11.14,부정
이낙연 그리니 모야  !,0.29,71.87,27.84,부정
이낙연 기사에는 문빠 민♪♬당 드루킹 조아요 메크로 댓글 좋아요 기계 조작 부대가,0.13,85.66,14.21,부정
이낙연 까는 애들치고 정상 못봄,0.02,84.42,15.56,부정
이낙연 나체 그림은 없나?,0.03,80.9,19.07,부정
이낙연 낯짝배기  저질스럽다.,0.04,72.81,27.15,부정
이낙연 너는 왜  거짖말하나  조국비서인가,0.12,87.75,12.13,부정
이낙연 너도  끝  좌파에 같이 편승해서  옳고그름을 판단못하니  국민들은 대쪽같은 총리를원한다,0.15,84.04,15.81,부정
이낙연 너도 같이 수사받고 깜빵가야할껄,0.03,86.78,13.2,부정
이낙연 너도 까보면 쓰레기 맞구만~ 개 쉑,0.03,86.4,13.57,부정
이낙연 너도 꺼져라. 여자만 있는 집에 압수수색이 과하다고? 82년생 김지영이를 숭배하는 ㄱㅐ폐미와 다른게 뭐냐?,0.36,89.1,10.53,부정
이낙연 너도 꺼져라. 여자만 있는 집에 압수수색이 과하다고? 82년생 김지영이를 숭배하는 ㄱㅐ폐미와 다른게 뭐냐?,0.34,89.23,10.43,부정
이낙연 너도 정치에  물들다보니 어쩔수없구나   아무리 사람이 팔색조라하지만  본인에 뜻은  정확 모든게 정확해야하는거야  좌빨들하는 정치행태가 거기서  거기지 문또라이를  포함,0.09,85.59,14.32,부정
이낙연 너도 조국한테 부탁해서 니 아들...놈 부산의전원 부정입시 했잖아 ,0.05,89.01,10.94,부정
이낙연 너와 박원순 같이 특검 하면 콜.,0.21,77.14,22.65,부정
이낙연 네 자식도 수사받아라~,0.12,87.53,12.35,부정
이낙연 놔주면 호남 지지율이 흔들리니깐 그런거야 ㅋㅋ이제 영남도 돌아섯고 호남 빼면 지지율 30프로도 유지하기 힘들껄?ㅋㅋ,0.56,87.35,12.09,부정
이낙연 늘근 영감 땡이야  총리자리에서 물를나라  탄핵 해야한다 이낙연 영감때이 70십이넌어 섯면물를날줄도 알라야지 총리자리에서 연연하지말고 하야해,0.04,89.38,10.58,부정
이낙연 니가 정말로 경쟁력이 있다면 어디 총선때 대구에서 출마해봐라.,0.05,85.1,14.85,부정
이낙연 니가 조국에 대해 국회에서 답한걸 돌려봐라 거울보ㅡ고  욕나옴정산 웃으면 사이코,0.09,83.22,16.69,부정
"이낙연 당신도 거짓좌파인 죄국,문죄인과 똑같구나.",0.01,69.32,30.67,부정
이낙연 당신도 고 심판받는다 동생 수사하라,0.01,79.56,20.43,부정
이낙연 당신은  그래도  여당에  쓴소리   하는줄 알았더니....,0.01,77.8,22.19,부정
이낙연 대권에 욕심있어서 진실을 외면하네 그나마 더러운집단에서 바른말하는 사람으로  대권에 나오면  이낙연이면 찍어도 되겠다했더니  역시 그나물에 그밥이었네,0.02,94.19,5.79,부정
이낙연 대선포기하고 조국이랑 단일화한다 다음대통령은 조국이다ㅎㅎ,0.09,90.13,9.78,부정
이낙연 대통령  확신합니다,0.33,70.15,29.52,부정
이낙연 대통령 후보나오면100%된다.왜냐?찍을 사람이 없거든ㅎ,0.06,92.98,6.97,부정
이낙연 대통령!,0.28,54.21,45.51,부정
이낙연 대통령!!,0.4,56.87,42.73,부정
이낙연 대통령? 안될 거 뻔한데... ,0.03,90.14,9.83,부정
이낙연 대통령?? 좋네요~ ㅎㅎ 일단 좀더 지켜보겠습니당~,0.58,80.69,18.74,부정
이낙연 대통령도 좋다고 생각함,0.06,82.25,17.7,부정
이낙연 대통령되면 나라 망함 문재인 2년도 이정도인대,0.24,79.21,20.55,부정
이낙연 대통령에게도 늘 깍듯하면서 야당엔 나긋나긋 할말다하는 세련된지도자인듯.,0.25,76.97,22.78,부정
이낙연 동생 문제는?,0.11,89.48,10.41,부정
이낙연 동생 이계연 조사해보자,0.01,83.35,16.64,부정
이낙연 동생 SM 그룹소속  삼환기업 사장으로 어떻게 갔는지 조사하고 SM 그룹 비리 검찰에 수사 의뢰하라,0.32,84.45,15.24,부정
이낙연 동생은 어디에 들어가 있나?,0.02,88.4,11.58,부정
이낙연 동생의 건설회사에 대한 의혹도 수사해주세요.,0.02,68.58,31.4,부정
"이낙연 딸도조사하고,",0.09,63.35,36.56,부정
이낙연 때문에 나도 다음에는 광화문에 간다.,0.06,87.29,12.65,부정
이낙연 뛰우기인가  아니면  아베에 저  외교 머리숙이는것인가  그래도 잘했다  가서 잘못했다고 사과하고 경제물꼬  터라,0.12,86.15,13.74,부정
이낙연 띠우기 바쁘네,0.03,73.06,26.92,부정
이낙연 만세! 검찰개혁! 공수처 설치! 명박근혜 사형! 박정희김일성 빨갱히지옥! 황나베 수사! 대구경북 일베충 자살! 일본침몰! 박정희 헤드샷 김재규 장군님 만세! 자일당 괴멸! 윤석열 파면! 국회난동 엄정수사! 개독교 불지옥!,0.13,85.49,14.38,부정
이낙연 목소리 깔지마라 가증스럽다,0.06,56.02,43.93,부정
이낙연 무게 있고 멋있음.카리스마가 느껴짐.,0.08,50.0,49.92,부정
이낙연 무능한넘아... 돼지열병 잡는다고 언플하더니... 제대로 대처도 못하고 ... 총리한답시고 말투만 능구렁이처럼 술술넘어가고 하는일 제대로 못함...,0.04,91.8,8.16,부정
이낙연 무사안일주의,0.02,75.65,24.33,부정
이낙연 묵직한 카리스마..,0.03,57.27,42.7,부정
이낙연 문어딱가리하지 마라,0.03,80.13,19.84,부정
이낙연 문재인 SM 그룹 연루설 조사해라,0.0,53.18,46.81,부정
"이낙연 물고 뜯고, 빨고 깨물다 적폐 대통령으로",0.03,90.85,9.12,부정
이낙연 뭐 좀 해볼려고? 출신이...,0.04,90.6,9.36,부정
이낙연 보다야 낫지.,0.04,82.49,17.46,부정
이낙연 본성이 슬슬 나오네 배아프지?,0.02,91.48,8.5,부정
이낙연 사퇴하라!!!!신라젠  바이오주 비트코인 태양광 4차산업 우리들병원 버닝썬 정치자금세탁소 낱낱이 조사하라  주가조작사기로 수백조 한탕잔치벌인 정의당 더불어공산당들 조국 이해찬 림종석 깜방으로! !!,0.02,89.42,10.57,부정
이낙연 사퇴하라!!!!신라젠  바이오주 비트코인 태양광 4차산업 우리들병원 버닝썬 정치자금세탁소 낱낱이 조사하라  주가조작사기로 수백조 한탕잔치벌인 정의당 더불어공산당들 조국 이해찬 림종석 깜방으로! !!,0.03,89.2,10.77,부정
이낙연 색히 11명의 남성이 2명의 여성집을 수색??? 말하는거좀봐 ..존나 싸가지없이 말하는거,0.05,87.82,12.13,부정
이낙연 손바닥 멀쩡하나? 그동안 얼마나 비벼댔을꼬?,0.07,91.33,8.6,부정
이낙연 승,0.06,71.4,28.55,부정
이낙연 실망 시키지 마라. 일본과 외교 악화는 일본이 자초한 일아야. 타협 협상 하지마라.,0.11,82.77,17.12,부정
이낙연 실망!!! 이제야 본색을 들어내는군!! 넌 아웃,0.02,66.48,33.5,부정
이낙연 실망이다 대권주자로 생각했는데 이 나란 답이없다,0.08,68.29,31.63,부정
이낙연 쓰레기야 민노총 당장 해체시켜라 민노총이 폭력시위의 온상이다 당장해체시켜라,0.22,86.41,13.37,부정
이낙연 아드님은 조사 안해요?,0.02,82.09,17.89,부정
이낙연 아들  부산의전원 특혜 없었나 수사하자,0.34,81.54,18.12,부정
이낙연 아들 부산대 의전원 제대로 들어간거 맞죠?,0.41,85.6,13.99,부정
이낙연 아들 조사해봐야함. 조민이랑 같은 코스인거같던데,0.06,85.81,14.13,부정
이낙연 아들도 부산의전원 어케 갔는지요?,0.27,81.89,17.85,부정
이낙연 아들도 조사해주세요.,0.24,75.53,24.23,부정
이낙연 아들도 포함. 감사들어가시죠...,0.27,71.45,28.28,부정
이낙연 아들도 학교 파야지!!!,0.33,71.09,28.58,부정
"이낙연 아들비리는  문재인 아들,딸,사위는    왜? 수사 안하냐   지맘대로 엿장수 맘대로 하는 문엿장수 정권.  어찌하여 똥묻은  지자식들  놔두고  겨묻은  남자식   탓하는가  ?",3.8,85.45,10.76,부정
이낙연 아웃,0.07,73.67,26.26,부정
이낙연 아웃,0.07,73.67,26.26,부정
이낙연 아킬레쓰건이 없나? 전라도가 아킬레스건,0.01,86.52,13.47,부정
이낙연 애들 조사해 봐라!,0.4,82.89,16.71,부정
이낙연 양심에 손을 얹고 생각해보시길,0.09,76.78,23.13,부정
이낙연 왠지 문재앙보다 더한 쓰레기 같아ㆍ,0.04,87.45,12.51,부정
이낙연 요즘 쫄리겠다. 조민 고졸될지도 모르는데.. 자기 아들도 같은 루트로 부산의전 같으니..,0.05,93.79,6.16,부정
이낙연 웃기는 짜장면이네,0.04,84.16,15.8,부정
이낙연 원칙없이 비굴한 타협해서 ,0.09,78.33,21.58,부정
이낙연 유언비어 유포한 한심한 현직총리,0.13,51.67,48.2,부정
이낙연 이  대통령깜 웃기지마  문짝 날일인냐,0.06,91.16,8.77,부정
이낙연 이 새끼도 뒤가 구린 새끼지. 총리질 좀 더 하겠다고 영혼을 팔고 있는 새끼.,0.04,93.24,6.72,부정
이낙연 이 정권의 기생충인걸 요즘 잘 보고 있다    보고 듣고 깨닫는  일이 중요해 ᆢ 잘  알지 못하고  하는 판단이  개인과  나라의 운명도 가른다,0.18,86.86,12.96,부정
이낙연 이거 안되겠네 완전 좌빨이네,0.04,91.24,8.72,부정
이낙연 이고 뭐고간에 민주당과 문재인 정권은 끝났어.,0.23,84.39,15.37,부정
이낙연 이나  조국이나  스스로 거취결정을  못한다는건 이들 뒤에는  누군가   있다는뜻  아닌가? 명령에  의해서만  움직이는  주사파  아바타들,0.05,92.5,7.45,부정
이낙연 이놈도 犬 같은 놈일세,0.06,92.93,7.01,부정
이낙연 이놈도 교수형 깜 리스트에 오르려고 용을 쓰나..?,0.06,90.39,9.55,부정
이낙연 이놈아. 조국 부인 정경심이 조서에 서명도 거부했다는데 네놈생각은 어떻노?. 사정이 있겠지 하며 두둔하겠지?. 개ㄴ시키야,0.13,92.09,7.79,부정
이낙연 이는 대통령 이 무능 하며 국무총리 로써 대신 마음에 와담는 인식이 없다 ,0.02,78.11,21.87,부정
이낙연 이늠이 진짜 죄앙이 따까리다. 가짜뉴스 퍼뜨리고음흉하다,0.05,83.68,16.26,부정
이낙연 이런 사람인줄 몰랐다 대통령후보감으로 생각하고 있었는데 정말 실망이다,0.05,82.7,17.25,부정
이낙연 이면,0.13,71.25,28.62,부정
이낙연 이미지 관리 잘하다가 역시 어려운 상황에서 바닥 드러나네,0.08,72.89,27.02,부정
이낙연 이번 회담에서 당신이 어떤 결과를 이끌어 내느냐에따라 향후 정치행보에 큰 영향을 줄것입니다,0.16,79.28,20.55,부정
이낙연 이사람도 문제많은 사람이네!  당신동생은 대통령동생이랑 뭐했어요?  당신아들도 조국딸이랑 같은코스라는 이야기 맞나요? 당신은 올바른목소리를 내줄거라는 기대가 잘못된거네요 좌파는 예외없이 다 나쁜놈들인가봐요 내가 촛불들어 당신들을 세웠다니 대한민국에 미안합니다,0.09,90.32,9.59,부정
이낙연 이사람도 어쩔수 업너 아까운사람이다  중용을 잃다니,0.12,82.92,16.96,부정
이낙연 이새끼도 파보면 비리 수두룩 나올텐데 우선 아들 병역면제부터해서 SM그룹에 문재앙 동생이랑 이낙연 동생이 같이 일한다매?어딜 대선에 기어나오겠다고 ㅋㅋ,0.13,92.24,7.64,부정
이낙연 이영감쟁이 곱게늙어라 !  어제 현장에있었는데  세월호방해공작에 개네들이와서 그런거같구만 아님 니네가 돈주고사람사서 여론몰이하거나 우리같은평범한 국민은 자유대한민국 외치고왔다  거짓여론고만뿌려라 위선자 사회주의자들아,0.71,89.87,9.42,부정
이낙연 이자도 정권교체 후에는 살아남기 힘든 자이지,0.02,88.03,11.96,부정
이낙연 이재명 이둘의 싸움되지않을까? 뭐 이재명은 대법 선고가 남았으니 것만 잘넘기면 시원시원하게 개혁을 원하는쪽은 이쪽을 지지할테고 이낙연은 총리 관두고나서의 무게감만 극복하면 안정적인 국정운영쪽으로 좋은점수 받아서 충분히 가능성있을듯~,0.1,87.25,12.65,부정
"이낙연 이재명, 심상정까지도 이해가되는데 조국은 어디서 튀어나온거?",0.05,93.13,6.82,부정
이낙연 이제 갈때가 됬구나? 불상하다 권력에 눈먼 놈이 됬다니~,0.02,94.94,5.03,부정
이낙연 이제 완전히 마음을 굳혔구만. 바라는게 없으니 실망도 없습니다 아무쪼록 열심히 하십쇼,0.3,61.15,38.55,부정
이낙연 이해찬 문재앙  너무늙고 사리판단할줄모르고  말 더듬거리는 장애아들같음 그러니 그만들 집에가라 세금축내지말고,0.25,94.93,4.82,부정
이낙연 인생 알만하네 ㅋㅋ 옛날로 치면 집주인 종놈,0.01,88.75,11.24,부정
이낙연 일본가서 굽신굽신,0.06,80.51,19.44,부정
이낙연 일본가서 굽신급신 90도,0.04,82.99,16.97,부정
이낙연 일본가서 한 생동,0.08,80.94,18.98,부정
이낙연 일본서 돌아오지말라. 꼴보기싫어 산다구보기싫어 민주당대표 해골님도 죽어라.,0.08,86.88,13.04,부정
이낙연 일본에 놀러가네,0.1,82.36,17.54,부정
이낙연 일본에 놀러가네,0.1,82.36,17.54,부정
이낙연 일본통 문빠에 관점으론 토착왜구 닌자급 아닌가?,0.12,92.25,7.64,부정
이낙연 일왕 찾아가 굴욕적인 90도 인사한 인간...ㅉㅉ,0.12,81.56,18.31,부정
이낙연 일왕즉위식에가서 인사드리러 가는건 괜찮니?,0.21,85.22,14.57,부정
이낙연 일왕즉위식에가서 인사드리러 가는건 괜찮니?,0.03,83.3,16.67,부정
이낙연 자체는 사고 ,0.11,80.75,19.14,부정
"이낙연 잘못 봤네,,결론은 빨아대는 총리네",0.08,89.85,10.07,부정
이낙연 저 소시오패스같은 넘 지금 이 상황에 그딴 소리나 하고 있냐 민심은 안보이냐,0.31,82.62,17.07,부정
이낙연 저시키 제정신이 아닌가봐. 정신 이상자가 .  공산주의에 빠져 정신까지 이상해졌나봄,0.06,88.59,11.35,부정
이낙연 전 전남 도지사 일치월장  하십니다  전라 만세~^^,0.21,84.4,15.39,부정
이낙연 전남도지사 아니 국무총리님 이제는 대통령까지 해주십사합니다 사랑합니다,0.06,81.46,18.48,부정
이낙연 전라도 교회 등에. 업고 장로라고 깝치더니 너는 천벌을 받을거야,0.14,93.17,6.69,부정
"이낙연 전라도 새낀데 뭘 새삼 놀라냐? 설령 검사 11명이 여자 둘이 있는 집에 영장 발부 받아서 수색하는게 먼 문제가 있냐? 남자들이 떼거지로 젊은 여자 집에 집들이 가서 죽치고 놀은것도 아니고. 꼭 좌파새끼들은 과했다, 너무했다, 지나치다 이딴 감정에 호소를 잘하더라. 씹전라도개종자들아.",0.1,91.03,8.87,부정
이낙연 절라도 대통령은 아니다,0.04,82.88,17.07,부정
이낙연 정도면 아베한테 말이나 모략으로 밀리지 않고 서희처럼 유리하게 얻어낼 것이다. 칠푼이 지지자들의 빼애액 거리는거는 무시해라,0.21,89.8,9.98,부정
"이낙연 정말 너마저? 이렇치 않다고 생각했었는데,,, 하나도 믿을 놈이 없이 너희들 모두 양탈을쓴 다 같은 족속 이었던거냐? 너무 허무하다.",0.01,88.2,11.79,부정
이낙연 정부내 문통은 그냥 사고뭉치,0.04,87.7,12.26,부정
이낙연 정의가 없는 자,0.29,80.7,19.01,부정
이낙연 정확합니다. 그런데 이거도 조구기 편들어...나가리 ..새됐습니다 구역질나는 좌빨들 신물납니다 평생 볼일 없다.,0.01,94.49,5.5,부정
이낙연 조국 대한민국 말아먹기 완성에 좋은 인물들,0.11,77.05,22.84,부정
이낙연 좋은 기사가 많네.,0.48,68.08,31.44,부정
이낙연 주둥이 제거시술하자,0.04,79.39,20.57,부정
이낙연 진정 정부의 충실한 개가되길 결정했구나..,0.01,80.0,19.99,부정
이낙연 진짜 ...말이안나오네 개같은 프레임짜고있네 ㅋㅋ,0.01,92.71,7.28,부정
이낙연 짱!!! 정신 말짱하시네요 차기 대권 기대해봅니다,0.01,77.2,22.79,부정
이낙연 쪽제비 나아베 조.  가튼. 년,0.04,85.13,14.83,부정
이낙연 쫄보~~ㅋ ㅂㅅ,0.02,76.89,23.09,부정
이낙연 청와대 똥겅아지 국회 답변중에잘모긋안정한다고 햇다가 OOO 한마디에  꼬리내린놈 쪽팔리는놈아  자식들에게 비굴하개 사눈꼬러지보여주어좋겟다 거딧말 명수뮨재인조국에 한마리추가이낙연,0.13,87.57,12.3,부정
이낙연 총리,0.01,55.91,44.09,부정
"이낙연 총리 ! 여권인사 중 그래도 합리적 인물로 보아왔는데, 참으로 실망이다. 극히 일부 과격한 행동이 있었지만 그 수많은 인파가 이를 제어해서 집회는 끝까지 평화롭게 진행되었다. 본질은 문정권의 비상식적인 인사독재와 속보이는 검찰압박에 분노한 국민들의 규탄인데, 반성과 사죄를 해도 부족할 판에, 마치 폭력집회라도 되는 양 모함하고 나서는가? 과거 어느 시위에서 그 정도의 충돌도 없었던 적이 있는가? 정말 문 정권에는 최소한의 양식이라도 가진 인사가 이렇게도 없는 것인가? 그렇다면 이 정권은 기어이 스스로 파멸을 자초하는 것이다",0.04,54.63,45.33,부정
이낙연 총리 그만두면 다음 총리 누가 앉아도 청문회때 또 조국장관처럼 국정 흔들라고 벼르고 있나보다,0.01,68.53,31.46,부정
이낙연 총리 너무 추해보입니다 편들걸 드세요,0.0,54.58,45.42,부정
이낙연 총리 대인배,0.0,56.09,43.91,부정
이낙연 총리 를 황교안과 비교하지마라,0.01,57.17,42.82,부정
"이낙연 총리 맞는 말이다. 집회에서 그런 일이 일어나면 안되지.. , 더많이 나와서 조심할게..",0.0,53.25,46.74,부정
이낙연 총리 머하고 온거임?,0.0,56.09,43.91,부정
이낙연 총리 밖에 대통령 깜냥이 없다. 교활한 인간은 안 된다. 버러지들도 안 된다.,0.0,60.69,39.31,부정
이낙연 총리 실망이네. 이번 정권 파국이 멀지 않았다. 국민들의 뜻을 외면했으니. 민심이 천심이다. 물타기 하지 말고 청와대는 광화문 집회에 대해서 답변을 내놓아야 할 것이다.,0.0,62.77,37.23,부정
이낙연 총리 와 웬수 졌냐     !,0.0,53.13,46.86,부정
"이낙연 총리 이분은 일전에 정경심 수색을 ""여성 둘만 있는집에 들어간 압수수색"" 이라고 말한적 있죠. 아직 JTBC 여기자의 증언만 있는 상황인데 직접 나서서 이런 발언하는거 보면 남녀만 걸쳐 있으면 성적인 관점에서만 해석하는 독특한 사고방식이 있는거 같아요.",0.01,57.28,42.71,부정
이낙연 총리 차기 대통감이다,0.0,52.58,47.41,부정
이낙연 총리.    어제집회에서 느낀  것이  그것 밖에 없소 . ?     그래서야  어찌 총리 노릇 하겠소.,0.0,54.09,45.9,부정
이낙연 총리가 니 친구냐? 헤드라인 보소 이낙연이래.,0.0,56.17,43.83,부정
이낙연 총리가 다음 대선에,0.0,53.61,46.39,부정
이낙연 총리가 다음 대선에,0.0,53.61,46.39,부정
이낙연 총리가 있어  대한민국이 그래도 이만큼의 안정감과 품위있는 국가로 자리 매김을 한 것이다. 아베도 제친 인품과 의풍당당한 모습에 국민의 한 사람으로서 자신감이 생겼다. 지금 이낙연과 비교할만한 대통령감 여야 통틀어 보입니까? 그냥 대통령감이시다. 나는 이낙연을 꼭 찍을거다. 나는 이낙연과 아무런 연관성이 없는 그냥 60대 송파 줌마일뿐이다.,0.03,57.95,42.02,부정
이낙연 총리가 차기 대통령이 될것이다.,0.0,50.01,49.99,부정
이낙연 총리가 총선에서 민주당을 이끌면 그 어느때보다 강력한 원팀으로 승리할수 있을것이다!,0.01,57.4,42.58,부정
이낙연 총리가 최장수 국무총리가 된 진짜이유....문통이 자신의 안위만 생각하고 국정을 방치하고 나라를위한 고심을 하지않았다는 증거임,0.01,57.71,42.28,부정
이낙연 총리가 현정권에 고언과 직언을 서슴지않고 국민의마음을 잘어우른다면,0.0,52.26,47.73,부정
이낙연 총리가 현정권에 고언과 직언을 서슴지않고 국민의마음을 잘어우른다면,0.0,51.46,48.54,부정
이낙연 총리는  그래도 옳은  사람인줄 알았는데  정말 실망입니다. 국민들 정신차리고  더 뭉쳐야겠어요! 한숨만나오네요 ㅠ,0.01,52.21,47.78,부정
이낙연 총리는 답변에 조국편들다 손해봤지만 총리는 교체될것이니 다시 국회로 들어오라,0.0,55.8,44.2,부정
이낙연 총리는 딱 총리감이다.,0.01,51.36,48.62,부정
이낙연 총리는 여러모로 밸런스가 잘 갖춰진 차기 대권후보인듯.,0.0,51.45,48.55,부정
이낙연 총리님  아베의 얍삽하고 천박한 얼굴과 대비 된다,0.0,58.15,41.85,부정
이낙연 총리님  조국장관님~!!!,0.0,51.83,48.17,부정
이낙연 총리님  좋으신데 객관적으로 더 냉철하게 대선을 볼 필요도 있어보임  결국 승리가 답인데...,0.01,55.24,44.76,부정
이낙연 총리님 보면,0.0,50.53,49.46,부정
이낙연 총리님 점점 이상해집니다,0.0,53.94,46.06,부정
이낙연 총리님 조국장관 관련해서,0.0,56.09,43.91,부정
이낙연 총리님 지지합니다..그런데 문재인과 이해찬 등등 ㄱ ㅐ 병 신 들이 싫어지네요..,0.01,56.4,43.59,부정
이낙연 총리님~ ,0.0,51.34,48.66,부정
이낙연 총리님~ ,0.0,51.38,48.62,부정
이낙연 총리님께서는 지일파 의원 출신으로서 향후 포스트아베에 대비한 담론 형성에 힘쓰시면 좋겠다,0.0,53.34,46.65,부정
이낙연 총리님이 인품도 있고 훨씬 좋다고 생각함.,0.01,53.99,46.01,부정
이낙연 총리도 탄핵야한다  대선주자 1워라놈이 나짜좀보소  이낙연 너는 대선에 나오지마라 문재인 하고 또간든놈  이낙연 대통이대면  또문재인하고  또간든놈이다,0.0,61.79,38.21,부정
"이낙연 총리를 보면, 총리가 이래야지하는 생각이 듭니다~",0.01,54.91,45.08,부정
이낙연 총리를 칭찬한다?,0.0,52.94,47.06,부정
이낙연 총리를 후보에 뒀는데 실망이다. 정치는 쇼라더니 진정한 분별력과 애국자는 정치계에는 없고 시민만이 애국자라는 생각이 든다,0.01,54.38,45.61,부정
이낙연 총리이름 옆에 황교안 이름 거론되는거 자체가 안습이야 ~ 비교할 인간이 그렇게 없나..?..,0.02,58.63,41.36,부정
이낙연 총장님  눈치만 보는  그런분이신줄 몰랐네요 ㅠㅠ,0.01,87.81,12.17,부정
이낙연 최고의 험지로 가서 존재감 보여주자! 그 다음 대통령 가즈아!~,0.03,83.09,16.88,부정
이낙연 최장수 총리?  그동안 한게 뭐야?,0.01,83.99,16.0,부정
이낙연 친일아니엿나?,0.07,91.28,8.65,부정
이낙연 친일파인증이네,0.06,81.07,18.87,부정
이낙연 카드 실패,0.06,66.56,33.38,부정
이낙연 캐 보면 조국 문재인 못지않을 듯...... 다음 정권에서 감옥 가기 싫어 꼼수 쓰는 것으로 보임. 국회의원 불체포특권이 필요하겠지...... ㅋㅋㅋ,0.08,92.27,7.66,부정
이낙연 커밍아웃해,0.06,73.93,26.0,부정
이낙연 태세전환하는거 보고 진심 욕나왔다. 정의당하고 똑같아,0.08,67.69,32.23,부정
이낙연 토착왜구 출동~,0.25,81.67,18.09,부정
이낙연 토착왜구ㅅㄲ,0.12,81.44,18.44,부정
이낙연 한테.  무너진.  야당의.  총대를,0.47,71.35,28.19,부정
이낙연 현정부에서 총리로서 한일이 없잖아 청와대 리모콘밖에한일이없다  더불당 공천은 문빠들이한다,0.08,92.66,7.26,부정
이낙연 황교안 그렇다 치자 조국3위?  너네 진짜 개 돼지냐?,0.0,70.31,29.69,부정
이낙연 ASF돼 지열병 제대로 잡아서 능력 증명해보여야...,0.03,88.29,11.68,부정
"이낙연, 문재인 욕나온다 진짜 너네는 진짜 담음 정권 근처에도 못갈 것이다",0.0,91.95,8.04,부정
"이낙연, 이시키. 니 눈에는 문재인 하야, 조국 구속의  촛불민심의 목소리는 안들리고,  폭력행동만 눈깔에 보이나. 너의 논리라면 민노총 과격데모때는 왜 주동이 닫고 있었니. 니 대권병에 우군이라서. 국민의 혈세를 처먹으면 문빨에게 조국짜르라고 직언이나 해야지. 작금의 니 행동은 문가에게 아부하는 간신의 행동이지. 그렇게 해서 대빨하겠나. 한심한 놈아.",0.05,94.86,5.09,부정
"이낙연, 조국? 됐다.. 민주당은 누가 나와도 소용없다...사회주의자들이나 찍겠지.",0.03,93.67,6.3,부정
"이낙연, 홍콩장관과 비숫하다. 시위에 엄정 대처!",0.03,93.08,6.88,부정
"이낙연,조국,이재명 합하면 교환이는 교환해야할듯",0.06,93.88,6.06,부정
"이낙연,조국,이재명,김경수",0.15,76.96,22.89,부정
"이낙연,지금목소리소름끼친다,하루만에말번복하는야비한총리,두고봅시다.유시민과다",0.24,83.15,16.61,부정
이낙연! 꿈 깨라! 니  뼛속 까지 좌좀충 이란걸 국민은 알고있다! 문죄앙 을 보좌한 죄 두고두고 갚아야 할꺼다!!!추풍낙엽이 다!!!,0.18,57.11,42.72,부정
이낙연! 북한가서 김일성 찬양한 글 보면 총리자리 에서도 내려와야한다! 주석님 앞에 부끄럽다던 자!,0.13,64.52,35.36,부정
이낙연!!!     민심을 이런식으로 호도??? 500만이 국민이다!!!!,0.0,88.76,11.24,부정
이낙연?,0.17,73.89,25.93,부정
이낙연?  능력이 없는데   하긴민주당에 실력있는 사람은없지    으싸으싸출신집단이니,0.11,86.49,13.4,부정
이낙연? 조국?ㅈㄹ들 한다 참 가지가지들 한다 이 나라에 인물이  없으니 말세로다   어디서 조작질을 하고 있어,0.11,91.78,8.12,부정
이낙연???! 더이상 막시즘 추종자는 안된다!!! 정신차리자 대한민국!!!,0.09,86.53,13.38,부정
이낙연?조국? 맛이갔나? 사회주의자가 왜 한국대총령후보가될끼?,0.16,90.1,9.74,부정
이낙연. 삶아 축늘어진 우동가락이다. 더민당은 그냥 해골찬으로 가서 망해라. 니들은 일본 적군파처럼 민항기 뺐어타고 븍으로 집단망명이 정답이다. 주사파 좌빨들아.,0.03,89.92,10.05,부정
이낙연. 속  보인다.,0.06,58.59,41.35,부정
이낙연. 아닙니다,0.06,70.78,29.17,부정
이낙연. 엑스멘,0.05,59.19,40.76,부정
이낙연. 지금 나라꼴 안보이냐? 너나 잘해라,0.07,90.55,9.38,부정
이낙연...,0.12,74.91,24.97,부정
이낙연...,0.12,74.91,24.97,부정
이낙연...,0.12,74.91,24.97,부정
이낙연...  뒤가 구린넘이다,0.04,88.78,11.18,부정
이낙연..국민 편가르기 동참,0.02,66.88,33.1,부정
"이낙연..이낙연  비꼬면서 비웃고 젊잖은척 하며 교활하게 입놀리는  삶은 소대가리 집단의 새로운 얼굴, 무주공산이다    싶었는데 아닌 모양. 지지세력 봐달라 이거네.자기 좀 봐주세요",0.05,69.9,30.05,부정
이낙연.구렁이.느믈느물능구렁이,0.02,71.13,28.85,부정
이낙연.요즘 너무 아니라는 생각. 이정도밖에 안되는 인물이엇나.,0.05,74.74,25.21,부정
이낙연.이재명.조국.,0.08,66.57,33.35,부정
이낙연(문재인 수석대변인) 문재인 스피커로 주지지층인 전라도 빨갱이들과 북한에서 밀어주는 전형적인 무능참모,0.09,83.67,16.24,부정
"이낙연가는 건 좋다! 그건 해야할 국가적일이니까! 근데 우리 국민들은 벨도 없나? 유니클로가서 옷을  사입고 싶냐 말이다! ""한국인들은 닭과 같아서 금방 잊고 다시 몰려온다"" 라고 아베가 한말입니다!   결국 닭이되기로 한겁니까?",0.37,91.94,7.69,부정
이낙연같은 스타일이 제일 독재자가 될 확율이 높다. . . . . 속을 알 수가 없음,0.81,61.27,37.92,부정
이낙연같은 정치인 이낙연같은 행정가 ,0.04,70.67,29.29,부정
이낙연과 황교안 공통점 주둥이만 나불나불. 그래도 하나를이고르라면 낙연을 찍느니 차라리 황교안을 찍겠다.,0.03,51.3,48.66,부정
"이낙연과 황교안을 치는 전략적 바둑돌 조국, 이 세 바둑돌을 한 번에 칠 수 있는 대선주자가 나와야 하는데... 꼭... 이낙연, 황교안, 조국 셋 다 너무 싫다. 제발 대선주자로 새로운 사람이 나오길 바랍니다.",0.07,56.7,43.23,부정
이낙연국무총리님 정치하지말고 문통님과 보조 맞춰 잘 국정을 이끌면 자연적으로 국민들은 당신을 선택 할 것이다.  모든 정치인들은 문통한테 잘 해라 제발~~ 국민이 뽑은 대통을 야유를 보내고  엑스자 표시하고  ~~상식이하의 행동은 하지 말자  우주의 신 (문통)을 잘 모셔야 평화가 온다 .,0.04,87.31,12.65,부정
이낙연국무총리의 881일재임을 국민으로서 진심으로 축하합니다,0.03,73.75,26.21,부정
이낙연너는대선에서제외돼야됀다너는문재인이랑똑같이북한퍼줄것같다그런자식때문에나라가망한다넌아웃이야,0.14,88.24,11.63,부정
이낙연너도,0.13,79.23,20.64,부정
이낙연너도똑같은놈이다입쳐다물고있었으면대통령감으로생각해주려고했는데그나물에그밥이네,0.05,88.2,11.74,부정
이낙연너도조사하야됨,0.06,86.39,13.55,부정
이낙연님 먼저 대통령 하시고 조국님 좀 더 다른 분야에 대한 내공도 쌓으셔서 해 주시면 좋겠네요. 황교안은 왠 말입니까. 어느 한가지 믿음이 안가는데.,0.03,89.85,10.11,부정
이낙연님 모르세요?,0.03,85.29,14.68,부정
이낙연님 모르세요?,0.03,85.29,14.68,부정
이낙연님 화이팅...,0.05,53.51,46.45,부정
이낙연님도 자진해서 털어라고 본인 스스로 감사 요청하시면 더 멋있을겁니다. 깨끗해보여 없을것 같습니다. 국민들한테 솔선수범해 주세요.~^^,0.11,73.61,26.28,부정
이낙연대권 도전 소가웃는당,0.02,74.1,25.88,부정
이낙연대선출마는 망국적인  지역감정으로 이어진다   자한당놈들에 의해서  개떼같이  물어뜯고  씹을거다  우리가  남이가  하면서,0.14,89.54,10.32,부정
이낙연도  조국과  같은  생각을  가졌구나 !! 좀  다른줄   알았다  !! 지금  보고있은  국민은  내년  대선땐   표로  말해줄꺼다 !! ㅋㅋ  한나라 당이  박근혜때  발언한  사람에  대해  이미지  각인되듯  이낙연 + 조국+ 여당+ 문재앙  같다,0.02,94.0,5.99,부정
"이낙연도 결국 본색을 드러내는구나. 너네들이 대체 무엇을 잘못하고 있는지는 인식 할 생각은 하지 않고, 시간과 돈을들여 수백만이 모여 집회한 목적에 대해 본질 흐리기만 힘쓰는 그대들을 보면 안쓰럽기 짝이 없다. 서초동 집회 했을때는 민심이 이렇다고 외칠때는 언제고, 광화문 집회에 대해선, 민심에 대해 단 한번의 언급도 없이, 동원된 인력이라고만 치부해버리는 그대들을 보면 그대들을 찍은 내 손모가지를 자르고 싶은 심정이다. 최순실보다 수천배 악한게 그대들이야.",0.06,93.19,6.75,부정
이낙연도 결국 푸들이였내 용은 못되것다. ㅉㅉ 잘가쇼,0.03,85.92,14.06,부정
"이낙연도 교활하고 깜도 안되는 인간 빼고,민주당 범죄자 2명도 빼라. 앞으로 설문조사는 전라도/경상도 인구 비례로 설문조사해라. 라얼미터 이건 완전히 문재인 기쁨조 역할을 하고 있네.",0.05,91.59,8.36,부정
이낙연도 그들과 오래 함께하면 똥물뒤집어 쓴다. 과감히 결단해야 할 것같다,0.02,91.2,8.78,부정
이낙연도 그렇고 그런 놈이네  믿을놈이 없구만,0.01,93.46,6.53,부정
이낙연도 그저 그런 놈이지만 이낙연이 ㄷㅅ도 아니고 민주당으로 가겠냐..? 어차피 나가봐야 안됨,0.02,92.42,7.55,부정
이낙연도 끝났다. 그 치졸한 속내를 흑색선전으로 드러냄으로써 !!!이로서 좌파 대권후보들은 다 끝났다 !!,0.13,71.33,28.54,부정
이낙연도 대통감은 아닙니다 이번에 하는거 보니ㅠ,0.01,92.21,7.78,부정
"이낙연도 똑같다~~ 대통령만 바뀔뿐 그 아래사람 다 똑같고, 정책도 같다~~~ 국민들 정신차려야 한다~~!!! 후진국으로 지금 추락중이다~~!!!😡😡😡😡",0.03,91.83,8.14,부정
"이낙연도 똑같다~~ 대통령만 바뀔뿐 그 아래사람 다 똑같고, 정책도 같다~~~ 국민들 정신차려야 한다~~!!! 후진국으로 지금 추락중이다~~!!!😡😡😡😡",0.02,90.18,9.79,부정
"이낙연도 똑같다~~만약 대통령되면, 대통령만 바뀔뿐 그 아래사람 다 똑같고, 정책도 같다~~~ 국민들 정신차려야 한다~~!!! 후진국으로 지금 추락중이다~~!!!😡😡😡",0.05,90.09,9.86,부정
이낙연도 막판에 평소양심에 반해 헛소리로 좀 거들었고!,0.02,90.52,9.46,부정
이낙연도 막판에 평소양심에 반해 헛소리로 좀 거들었고!,0.01,92.77,7.22,부정
이낙연도 맛이 간듯하다. 왜 그렇게 사람들이 몰렸겠냐?  할 말이 변명거리가 없으니 변죽이라도 울려야겠지!,0.02,92.78,7.21,부정
이낙연도 문재인 앞잡이 다 됐구만....이런 능구렁이같이 간사한 총리도 이전에 본 전례가없다.,0.02,80.66,19.31,부정
이낙연도 문재인의 하수꾼이 ?,0.01,77.45,22.55,부정
"이낙연도 문통과~! 너무 무난하다, 헬조선은 내부의 적폐와 외부의 쪽 바아리와 전쟁중인데 좀더 개혁적이고 전투적인 이재명이 필요하다",0.03,92.92,7.05,부정
이낙연도 아들 때문에 대권 못나옴  ㅋㅋ,0.02,92.58,7.4,부정
이낙연도 아웃 .  공정과 정의가 없는 좌파들에게 분노한다,0.02,89.5,10.48,부정
이낙연도 아웃 ㅉㅉ,0.01,85.49,14.49,부정
이낙연도 역시~  그럼 그렇지. 겉으론 아닌척하더니 이 분도 역시 내로남불의 대가.,0.02,86.37,13.61,부정
이낙연도 이념의 본색을 드러내는구나,0.01,82.27,17.71,부정
이낙연도 이제 완전 맛갔네 제정신인 ?,0.01,89.2,10.79,부정
이낙연도 이제 토착왜구 친일파 ㅇㅋ?,0.01,91.43,8.57,부정
"이낙연도 이제 OUT!!. 성추행?? 당신말도 듣고 기분나쁘면, 추행이냐?",0.04,93.74,6.22,부정
이낙연도 조사 조국관련 들야다 볼 필요 있음,0.01,93.1,6.89,부정
이낙연도 조사 해야 될 것 같은데 아닌가? 한치 앞도 못보는군,0.02,91.18,8.8,부정
"이낙연도 참 답답하슈. 아직 밝혀지지 않은 것을 사실인냥 국회에서 떠들고 있으니, 그것이 가짜뉴스  아니여. 딩시네.",0.04,88.13,11.83,부정
이낙연도 친일꼴통토종왜구라 하지,0.01,91.41,8.58,부정
이낙연도 토착왜구이네  박근혜도 일왕 만난다구 토착왜구라 했으니 말이되네 그럼 문재인도 토착왜구...,0.01,94.51,5.48,부정
이낙연도 피는 못속이나? 어제 집회인원봤지 겸허히 받아들여라 민노총 폭력집회는 입다물더니 ...좌파정권 정신 못차리면 집회인원 늘어난다,0.02,91.95,8.03,부정
